1 2
1 3
1 4
1 5
1 6
1 7
1 8
1 10
1 11
1 12
1 13
1 17
1 19
1 21
1 31
0 2
0 3
0 7
0 13
0 17
0 19
0 21
0 30
0 1
0 3
0 7
0 8
0 9
0 13
0 27
0 28
0 32
0 1
0 2
0 7
0 12
0 13
0 6
0 10
0 6
0 10
0 16
0 4
0 5
0 16
0 1
0 2
0 3
0 2
0 30
0 32
0 33
2 33
0 4
0 5
0 3
0 1
0 2
0 3
0 33
32 33
32 33
5 6
0 1
32 33
0 1
0 33
32 33
0 1
32 33
25 27
25 29
25 32
25 33
25 27
25 31
23 24
23 31
29 33
2 23
2 24
2 33
2 31
2 33
23 26
23 32
23 33
1 8
1 32
1 33
0 24
0 25
0 28
0 32
0 33
2 8
2 14
2 15
2 18
2 20
2 22
2 23
2 29
2 30
2 31
2 33
8 9
8 13
8 14
8 15
8 18
8 19
8 20
8 22
8 23
8 26
8 27
8 28
8 29
8 30
8 31
8 32
