386 395
386 451
3553 3586
3553 3587
3553 3637
13 120
6 7
6 9
8 10
8 61
8 75
8 205
8 208
9 50
94 125
5 12
5 14
5 15
5 83
13 16
13 17
13 29
13 147
19 190
18 20
18 130
19 199
51 176
53 4461
58 136
94 131
94 139
94 203
161 166
14 130
14 160
123 140
62 104
155 174
33 35
33 97
34 36
34 69
34 141
34 142
35 37
35 38
35 39
35 47
35 157
97 202
42 58
42 167
42 218
42 232
41 98
41 181
94 163
47 184
36 44
36 45
36 46
36 171
75 101
75 106
10 139
10 205
21 120
21 194
111 119
111 172
24 231
109 147
88 107
119 149
119 152
119 175
119 198
98 2562
25 41
25 59
25 167
58 60
59 154
9 188
9 209
31 154
63 64
63 65
63 69
63 979
63 4893
35 66
35 68
35 70
35 1030
35 1052
35 2344
67 69
67 108
86 224
73 112
73 215
72 91
72 231
9 48
77 86
77 110
77 185
76 170
76 191
79 109
78 80
79 184
79 199
79 989
82 2562
81 98
13 218
13 221
4446 4461
151 4448
71 76
71 110
88 89
4 55
4 87
4 90
4 172
4 178
4 195
4 198
73 496
73 4446
94 123
94 174
11 26
11 43
11 92
11 93
11 95
11 131
94 129
94 171
144 148
34 40
28 42
28 57
28 74
28 82
28 100
28 125
28 135
28 205
100 4459
98 99
48 123
48 210
145 153
145 190
31 174
31 222
184 1030
184 1055
48 186
55 178
70 116
70 207
70 4120
54 78
76 86
52 148
52 192
52 204
72 113
72 215
112 129
112 3770
114 205
108 117
108 118
108 207
108 522
52 56
52 148
52 175
5 51
121 123
30 92
30 101
30 122
30 140
153 173
153 194
153 232
11 98
11 208
95 113
95 126
95 127
95 128
95 207
95 235
95 4112
19 29
26 94
26 139
222 236
98 236
25 146
223 224
223 229
139 140
139 143
139 150
139 205
139 4882
26 50
26 131
26 138
26 140
30 102
30 123
30 138
30 139
30 141
30 186
35 140
35 142
35 141
138 151
138 202
138 234
96 192
103 194
103 196
136 153
14 54
96 111
96 119
56 198
138 181
138 191
85 143
56 198
103 124
103 146
103 154
103 156
103 157
103 158
60 62
60 153
60 155
60 157
60 159
60 173
32 154
153 189
36 153
36 154
36 193
27 196
163 165
43 162
43 164
43 191
27 176
41 58
170 229
170 187
170 227
77 168
77 169
77 171
47 95
47 170
52 88
124 154
32 92
32 104
32 189
56 119
21 166
178 179
178 180
88 107
88 177
177 199
177 206
42 150
46 80
46 105
46 182
46 183
46 200
46 997
76 187
106 140
169 185
169 228
169 230
61 205
156 174
18 103
77 150
77 163
111 144
111 193
157 192
51 124
51 145
88 204
145 161
56 88
56 149
56 152
56 200
56 201
20 80
20 179
20 201
184 198
197 198
197 199
40 143
111 195
9 50
9 98
9 115
9 138
9 188
9 207
179 207
108 116
108 129
108 205
108 206
9 125
101 211
101 212
101 213
215 499
72 112
72 214
225 228
41 83
41 217
83 220
83 225
104 134
137 227
71 137
71 219
216 221
229 230
169 223
187 216
137 168
137 226
187 226
53 73
41 124
143 233
134 135
134 237
252 318
252 4423
240 333
240 354
239 316
239 327
239 337
242 351
241 284
241 363
241 364
241 365
241 366
342 355
335 361
247 257
247 298
247 371
247 378
245 246
245 330
250 280
250 305
250 312
250 313
250 360
248 249
252 289
252 319
252 367
252 370
238 251
238 253
238 289
238 322
238 376
252 337
252 4362
255 284
255 329
254 285
254 299
246 259
246 310
246 360
246 368
246 381
299 306
299 311
256 257
261 287
261 350
261 369
261 382
260 262
260 267
260 334
261 344
261 345
321 4415
281 334
267 350
261 266
268 346
268 362
274 372
270 271
270 272
270 273
270 275
270 325
270 362
286 351
314 342
298 335
298 378
280 282
280 295
280 302
280 313
249 279
249 305
249 312
249 313
249 360
264 334
279 284
279 295
279 302
279 313
242 254
242 282
242 283
242 285
242 296
242 305
242 366
255 284
255 306
255 316
255 1178
260 351
251 252
288 336
288 4435
291 325
291 362
279 282
279 296
279 302
279 313
284 295
284 365
300 308
300 340
246 278
246 293
246 299
246 335
246 343
255 258
255 298
255 316
255 362
294 297
279 282
279 295
279 301
279 313
307 316
249 280
249 284
249 304
249 306
249 313
258 285
258 305
258 316
265 297
265 323
265 340
353 358
353 4431
257 311
257 368
258 310
258 344
258 345
249 280
249 313
249 279
249 280
249 282
249 295
249 302
249 305
249 312
277 315
277 326
314 316
314 356
240 285
240 299
240 303
240 306
240 315
240 337
318 1119
238 317
238 336
251 320
251 322
251 370
319 321
263 320
263 4341
252 319
274 292
274 324
314 4428
240 328
240 379
254 330
247 329
247 357
340 380
333 353
333 355
239 332
261 264
261 281
261 352
244 278
244 298
244 373
290 318
290 337
290 338
240 253
240 316
240 336
336 339
297 308
297 331
297 341
340 346
243 277
243 343
243 355
298 342
262 311
262 311
269 341
260 266
260 349
260 369
241 276
241 287
241 352
334 347
334 348
334 351
309 332
309 354
309 355
309 374
309 4425
239 353
239 4426
243 332
243 342
243 353
243 356
315 355
330 377
249 257
249 280
249 381
244 359
244 362
269 274
269 292
269 299
269 361
242 296
242 284
251 370
257 310
260 350
251 319
251 367
246 378
246 278
246 371
246 375
257 360
384 429
384 445
384 454
384 455
384 462
383 393
383 426
383 447
0 385
0 387
0 445
0 446
0 2307
437 2282
390 392
390 394
390 409
390 423
391 402
391 406
391 425
391 436
384 395
384 396
384 447
384 2223
391 442
391 457
0 393
0 419
0 2213
0 2393
393 397
393 398
393 399
393 400
393 420
393 2231
393 2283
392 401
392 403
392 411
392 435
392 436
392 439
404 406
404 431
404 457
404 460
392 405
407 437
407 451
407 456
391 431
402 410
402 1216
473 1248
414 415
414 452
414 459
414 462
414 464
414 468
413 425
417 430
417 444
417 450
417 469
395 421
395 456
396 421
396 426
396 2283
418 419
418 420
439 1424
439 1784
391 430
425 443
425 444
392 414
392 424
392 426
384 420
384 425
384 427
384 447
384 3987
426 1125
452 459
383 446
383 470
388 416
388 423
388 441
388 469
405 409
405 432
405 433
405 472
431 436
402 434
402 461
402 1297
392 402
392 432
389 408
439 472
439 473
402 422
402 438
430 440
430 442
394 441
394 466
424 464
424 468
416 424
383 386
386 429
384 393
384 426
448 465
448 467
416 468
0 408
0 453
413 428
451 463
383 455
383 470
383 454
383 459
408 419
408 465
394 405
394 460
413 428
413 455
405 457
435 458
383 413
453 467
413 443
413 469
449 456
449 463
413 443
413 450
416 430
416 464
429 454
431 438
431 471
412 438
481 4173
4113 4446
476 480
476 484
479 492
479 498
478 480
478 481
477 479
477 493
474 479
474 491
474 4111
485 489
485 494
485 495
484 3769
477 483
477 485
477 493
477 496
482 484
482 486
482 489
482 497
482 498
485 494
1183 1201
482 485
2426 2542
2426 2543
2426 2548
2426 2680
2426 2799
2426 2832
2426 2834
2426 2835
2426 2836
2426 2949
481 487
478 493
478 497
480 484
480 492
480 4446
482 486
482 496
91 484
91 495
91 499
485 492
478 485
214 496
500 549
500 570
500 573
502 503
502 523
502 556
502 564
548 551
539 546
539 565
539 546
539 566
565 566
545 571
545 572
512 513
512 534
512 538
512 550
512 551
520 3982
515 520
516 517
516 518
516 519
516 2312
522 828
522 832
522 4448
522 4458
116 521
116 570
116 4120
504 524
504 525
504 532
523 528
523 530
527 532
527 4145
524 529
524 530
525 528
525 531
523 526
523 533
523 548
523 556
523 564
523 568
523 573
532 570
511 538
511 550
536 559
536 574
535 537
535 557
511 534
511 551
506 507
506 540
506 541
506 542
506 543
506 544
539 569
539 569
539 550
539 545
539 561
539 565
539 545
539 561
539 566
509 543
509 544
506 507
506 553
506 554
506 558
506 559
548 555
505 532
505 547
505 549
505 551
505 552
505 568
501 548
511 534
511 542
511 551
505 511
505 538
505 548
505 550
548 555
546 555
546 555
547 552
547 553
547 554
504 532
504 563
536 558
536 563
546 557
546 562
535 546
510 543
510 544
510 560
558 563
556 557
556 562
504 532
504 1481
504 1482
504 4211
506 508
506 543
507 508
507 544
532 548
532 567
540 541
540 570
540 4458
501 522
501 533
501 569
501 4164
501 532
657 659
657 660
657 730
582 625
582 640
577 594
577 610
664 702
720 725
585 626
576 583
576 584
576 612
576 645
582 585
582 652
582 667
582 672
582 680
581 584
581 614
586 618
586 624
586 669
586 679
586 703
590 591
590 594
590 692
593 597
593 630
578 589
578 595
578 596
578 628
578 705
588 592
588 598
588 599
588 600
588 601
588 602
588 620
588 657
603 605
603 606
603 657
603 691
604 658
604 666
608 610
608 611
608 657
608 662
578 607
578 609
578 722
582 613
582 640
582 700
612 614
585 613
585 619
585 636
585 676
615 639
615 725
587 617
587 668
614 626
621 653
621 736
587 623
587 655
587 668
587 708
581 619
594 627
594 658
592 629
592 696
631 634
631 639
631 668
631 689
631 718
632 633
632 725
614 635
614 648
671 709
671 713
671 728
616 632
616 638
616 653
616 681
616 685
616 725
576 612
576 641
643 648
643 687
582 646
582 704
636 644
636 647
649 725
584 653
584 680
584 726
622 639
622 651
622 652
622 685
622 725
624 654
624 669
624 689
575 597
575 604
575 609
575 658
575 696
605 628
605 642
605 656
605 657
605 712
605 738
609 661
609 691
579 663
605 665
605 692
584 668
584 680
584 726
618 624
618 632
618 667
618 718
587 655
637 672
637 713
584 671
584 673
584 674
676 702
614 675
720 725
587 678
587 681
584 652
584 667
584 681
584 682
584 683
584 693
584 726
639 679
639 680
639 685
639 687
639 702
639 708
639 653
639 681
639 684
644 681
644 686
632 655
632 688
632 732
604 662
604 690
589 666
589 694
589 726
589 738
589 3769
692 695
692 726
630 657
630 697
699 728
612 702
579 675
579 681
579 700
579 701
579 734
645 670
645 713
707 709
624 681
637 706
637 710
658 711
658 722
637 671
637 704
637 714
715 720
632 668
632 717
580 677
580 716
580 719
580 725
580 727
610 712
610 721
610 723
580 616
580 634
580 639
580 650
580 653
580 677
580 720
580 724
580 726
652 667
652 680
652 692
652 694
652 725
652 3781
637 698
637 729
689 731
702 733
702 736
622 734
622 735
658 692
658 737
740 749
740 763
739 748
739 750
739 757
739 815
743 759
743 762
743 779
742 744
742 745
742 760
742 777
742 804
741 743
741 746
741 802
741 815
741 1230
740 750
740 751
740 775
740 805
739 752
739 805
740 748
740 753
740 757
740 776
749 2413
750 2414
764 783
764 803
757 787
740 750
740 755
740 756
740 758
740 791
757 812
757 813
757 823
757 824
742 760
742 762
742 778
743 759
743 814
742 759
742 761
742 778
742 780
742 789
739 777
739 814
739 815
754 774
754 820
765 803
771 785
771 797
767 770
767 772
767 773
767 786
768 769
768 771
768 823
768 824
764 781
764 817
750 786
750 4928
743 763
743 2417
759 762
759 814
742 789
742 795
747 762
747 781
747 783
747 784
747 789
747 799
747 803
774 780
803 4934
754 780
754 791
754 800
770 786
771 776
771 785
756 791
756 803
762 779
762 780
762 788
2304 2417
757 783
757 787
757 803
792 794
792 811
792 1214
793 804
779 796
779 804
779 808
780 798
783 801
783 1230
783 1257
744 2207
754 766
754 780
754 782
754 787
754 791
754 807
754 821
743 794
743 795
743 1402
748 749
803 806
795 809
808 822
793 810
793 822
793 1124
758 1227
758 1228
760 763
760 778
740 744
740 763
740 816
774 818
817 819
818 820
818 4940
764 819
809 811
809 1124
758 772
758 772
826 844
825 829
825 4462
828 845
828 858
828 877
521 827
521 837
826 834
826 836
826 4458
832 855
832 867
832 868
832 869
832 895
832 903
832 904
832 905
832 906
832 910
832 919
832 920
832 932
521 831
834 854
834 862
834 866
834 874
834 891
829 833
836 892
836 896
829 835
828 853
828 871
828 872
828 4458
839 853
838 840
839 2351
841 4179
861 862
861 863
861 4457
825 846
825 865
827 877
827 903
844 847
844 860
844 870
844 880
844 884
844 894
844 900
844 912
846 848
846 911
847 879
847 886
847 887
847 888
847 889
855 907
855 908
855 909
854 898
853 865
853 873
853 900
853 902
837 838
837 852
833 850
833 851
833 855
833 859
833 861
833 863
833 864
833 891
831 849
831 854
831 856
831 860
855 4458
882 893
882 902
827 885
854 860
854 864
854 881
854 883
846 855
846 859
843 854
833 843
843 854
854 859
854 883
854 921
844 852
831 895
831 899
837 885
837 928
837 929
852 930
833 885
833 897
833 901
876 878
876 881
876 893
875 894
875 895
827 845
875 892
875 928
875 929
875 930
846 900
859 875
859 891
857 883
857 931
859 864
859 882
859 884
846 883
858 871
858 874
858 928
902 929
833 854
833 881
835 878
835 896
857 875
857 894
846 876
846 893
831 869
831 876
831 896
831 897
835 892
835 895
874 895
869 930
846 852
846 880
874 928
852 857
852 890
852 928
852 929
852 931
831 845
846 917
846 918
912 913
912 914
912 915
912 916
864 926
864 927
921 922
921 923
921 924
921 925
871 878
871 885
871 901
871 902
871 929
872 878
872 890
872 902
872 928
873 878
873 899
882 902
1014 1053
935 936
935 969
934 969
934 941
938 954
938 1010
938 1050
940 956
940 961
940 984
939 1016
939 1036
939 1051
936 942
936 994
936 1014
941 946
941 959
944 1003
944 1005
944 1028
943 945
943 995
943 1028
944 1006
944 1058
942 947
949 950
949 964
949 1047
949 1048
948 951
948 962
948 1043
948 951
948 970
948 1034
949 950
949 971
949 978
949 1000
953 975
953 1023
953 1024
953 1056
952 983
952 1011
952 1030
952 1052
937 973
937 1050
939 957
939 1015
939 1050
959 993
959 1049
942 958
942 1006
965 987
939 1055
949 993
991 1013
991 1030
948 1025
960 966
960 973
960 1021
965 997
968 1026
967 1006
967 1057
934 935
934 995
934 1021
950 971
950 996
951 970
951 1026
951 1037
954 965
954 972
954 1021
1023 1024
1023 1031
952 1010
952 1054
1034 1048
992 1047
951 1005
68 980
68 1036
979 4855
982 1015
982 1055
953 955
939 985
939 1050
1010 1012
1010 1044
960 988
960 989
80 987
80 997
963 1011
963 1054
977 993
977 998
977 1047
958 962
958 992
958 1049
941 990
941 999
944 969
944 1028
970 1001
184 966
184 989
184 1006
184 1057
992 1034
951 1026
996 1002
1001 1005
943 1045
1021 1028
943 978
943 1002
943 1006
943 1007
943 1008
943 1009
943 1014
943 1026
943 1037
943 1049
945 959
945 968
945 997
945 1005
945 1057
937 975
937 986
937 1011
937 1056
953 991
953 1010
986 1013
986 1044
963 1012
933 941
933 1005
956 981
956 1016
940 1015
940 1017
1019 1022
1018 1031
1018 1046
1018 1050
965 969
965 973
965 1004
965 1020
1018 1046
1018 1050
1018 1059
952 974
952 1050
952 1059
952 974
952 1050
952 1059
964 1026
967 971
967 1000
967 1005
967 1025
967 1027
967 1043
967 1045
943 944
943 995
943 1004
69 105
69 953
69 963
69 1029
69 1033
69 1038
69 1039
69 1040
69 4894
974 1019
974 1032
974 1046
1031 1052
1030 4902
950 976
950 998
950 1035
1034 1049
940 979
971 1005
1042 1044
1042 1056
949 1026
986 1012
986 1041
1003 1026
1019 1022
1019 1031
1019 1059
948 977
948 992
948 976
958 993
958 1005
958 1035
937 954
937 956
937 984
937 1019
937 1022
937 1023
937 1024
937 1051
937 1052
940 1050
69 953
69 1032
69 1050
69 1058
975 991
105 961
105 981
952 1010
952 1041
968 997
968 1006
945 1052
1022 1023
1022 1024
1022 1046
1061 1062
1061 1542
1061 2002
1061 2035
1060 1444
1060 1444
1065 1160
1065 1331
1065 1625
1065 1809
1063 1091
1063 1119
1852 1901
1852 2069
1068 1418
1068 1969
1067 1419
1070 1196
1070 1197
1070 1300
1070 1497
1070 1498
1070 1566
1069 1269
1069 1371
1553 1615
1553 2028
1073 1191
1073 1208
1073 1280
1073 1314
1073 1469
1073 1554
1072 1192
1072 1313
1076 1159
1076 1506
1076 1217
1076 1905
1074 1075
1079 1244
1079 1306
1079 1313
1079 1459
1334 1559
1154 1560
1154 1942
1224 1510
1224 1728
1224 1750
1295 1446
1295 1503
1098 1224
1086 1087
1086 1351
1086 1367
1086 1420
1086 1478
1085 1088
1085 1091
1085 1097
1085 1088
1085 1090
1085 1220
1085 1223
1085 1624
1086 1087
1086 1091
1086 1401
1311 1446
1311 1556
1087 1091
1087 1108
1087 1165
1087 1496
1087 1630
1087 1959
1087 2017
1065 1086
1065 1088
1065 1090
1065 1092
1065 1166
1065 1353
1065 1429
1065 1504
1065 1525
1091 1488
1094 1095
1094 2096
1094 2135
1093 1177
1093 1447
1093 1386
1093 1446
1093 2071
1093 2091
1093 2159
1097 1285
1097 2109
1086 1096
1086 1343
1086 1379
1084 1099
1084 1193
1084 1490
1084 1677
1084 1713
1084 1731
1084 1914
1098 1334
1101 1276
1101 1530
1101 2062
1101 2176
1101 2179
1100 1277
1100 2139
1103 1226
1103 1338
1103 1422
1103 1573
1102 1143
1102 1442
1460 1556
1460 1717
1460 1753
1460 2061
1460 2121
1106 1145
1106 1179
1106 1666
1106 1948
1105 1107
1105 1136
1105 1143
1105 1180
1105 1249
1105 1317
1105 1323
1105 1810
1105 1877
1106 1137
1106 1267
1106 1365
1090 1240
1090 1496
1210 1471
1210 1495
1110 1459
1579 1581
1837 1932
1543 1603
1543 1969
1113 1453
1113 1454
1113 1499
1113 1552
1189 1436
1189 1461
1189 1463
1189 1584
1189 2195
1119 1825
317 1065
317 1118
317 1176
317 1429
317 4437
1825 1956
1121 1163
1121 1275
1243 1313
1243 1459
811 822
811 1576
811 2021
427 1476
1127 1128
1126 1863
1126 1353
1126 1401
1187 1226
1830 1942
1243 1308
1243 1330
1243 2557
1135 1493
1135 1605
1242 1323
1242 1609
1416 1531
1416 1610
1132 1451
1132 1534
1106 1137
1106 1138
1106 1139
1107 1136
1301 1332
1301 1345
1301 1361
1301 1458
1301 1486
1301 1619
1301 1620
1141 1474
1141 1874
1103 1106
1103 1434
1103 1622
1105 1491
1105 1955
1148 1166
1148 1207
1148 2063
1148 2064
1146 1147
1146 1167
1146 1340
1146 1452
1150 1696
1149 1275
1149 1283
1335 1356
1335 1473
1335 1489
1335 1530
1170 1357
1170 1484
1405 1730
1081 1197
1156 1774
1156 1971
1155 1161
1155 1221
1155 1260
1326 1736
1326 1749
1159 1505
1159 1684
1159 1770
1159 1905
1074 1158
1074 1166
1074 1170
1074 1322
1074 1416
1074 1506
1063 1956
1063 2092
1156 1260
1156 1501
1163 1241
1163 1517
1163 1641
1122 1162
1122 1299
1435 1865
1435 2184
1435 2189
1090 1166
1090 1777
1090 1853
1090 2015
1091 1147
1091 1159
1091 1165
1091 1167
1091 1168
1091 1413
1091 1438
1091 1525
1091 1646
1148 1166
1148 1244
1148 1541
1170 1403
1152 1159
1152 1169
1152 1171
1152 1175
1152 1201
1152 1309
1152 1484
1152 1486
1152 1531
1170 1403
1468 1484
1468 1486
1468 1487
1468 1531
1468 1649
1184 1518
1170 1201
1170 1467
1064 1119
1064 1504
1094 1178
1094 1265
1094 1387
285 1177
285 1340
1735 2164
1190 1398
488 1467
1174 2447
1949 2050
1949 2075
1129 1469
1117 1188
1117 1234
1182 1191
1182 1845
1072 1190
1072 1192
1072 1246
1072 1407
1073 1191
1073 1330
1098 1528
1195 1678
1194 1416
1194 1452
1194 1521
1069 1197
1069 1154
1069 1196
1349 1512
1200 1348
1200 1891
1199 1892
488 1170
488 1175
488 1309
1203 1204
1202 1364
1202 1253
1202 1488
1290 1449
1290 2086
1207 1359
1207 1705
1207 1866
1207 1989
1207 2037
1147 1206
1072 1441
1072 1794
1309 1467
1309 1679
1109 1211
1109 1536
1109 2076
1213 1770
1212 1346
793 1774
411 1215
411 1512
1075 1425
1247 1385
1247 1450
1247 1687
1407 1417
1407 1689
1407 1767
1407 1912
1087 1251
1156 1292
1144 1254
1087 1524
1077 1082
1077 1084
1077 1225
1077 1262
1077 1432
1077 1594
1077 1647
1077 1727
1077 1746
1077 1799
1077 2194
1224 1326
1102 1129
1102 1709
812 1231
813 1231
1254 1478
1254 1524
744 800
744 1231
744 1402
1227 1228
1227 1230
1227 1488
1239 1246
1189 1233
1189 1461
1236 1577
1236 1723
1236 1902
1235 1237
1236 1334
1236 1810
1239 1532
1232 1238
1232 1329
1232 1483
1162 1355
1133 1291
1133 1725
1133 1726
1133 1995
1123 1131
1123 1267
1123 1308
1123 1383
1123 1423
1078 1167
1078 1267
1078 1306
1078 1365
1078 1507
1505 1678
1191 1232
1218 1384
412 1913
1106 1256
1289 1501
1220 1389
1220 1420
1253 1297
1253 1343
1253 1349
1204 1252
1204 1304
1222 1229
1570 1762
1570 1798
1249 1326
1249 1763
800 1258
800 1292
800 1353
800 1402
800 1992
1257 1488
1156 1161
1156 1259
1261 1432
1107 1243
1107 1244
1107 1266
1107 1313
1107 1459
1269 1410
1269 1472
1269 1776
1269 2182
1070 1268
1070 1373
1270 1634
1273 1274
1273 1569
1273 1586
1273 1626
1273 1928
1272 1361
1272 1450
1122 1150
1122 1307
1100 1277
1100 1278
1100 1352
1100 1466
1100 1489
1101 1276
1101 2203
1276 1279
1276 1435
1276 1489
1276 2120
1278 1309
1278 1463
1072 1281
1072 1523
1072 1786
1280 1313
1283 1701
1150 1282
1150 1377
1474 1526
1474 1684
1474 1835
1096 2141
1300 1535
1300 1800
1289 1801
1250 1287
1250 1288
1250 1353
1250 1934
1205 1409
1242 1803
1242 1994
1221 1257
1293 1304
1293 1306
1297 1350
1297 1426
1297 1629
435 1252
435 1296
1299 1302
1299 1532
1299 1562
1299 1805
1299 2158
1163 1298
1163 1329
1163 1805
1069 1286
1069 1301
1069 1807
1140 1300
1298 1398
1253 1294
1253 1303
1078 1244
1078 1294
1078 1305
1078 1433
1275 1308
1275 1812
1275 2060
1131 1243
1131 1307
1131 1476
1131 2594
1170 1201
1170 1209
1170 1279
1170 1310
1170 1316
1170 1436
1170 1814
1170 2138
1170 2139
1170 2185
1309 1540
1089 1312
1089 1446
1089 2036
1089 2191
1089 2192
1311 1447
1073 1078
1073 1123
1073 1267
1073 1281
1073 1373
1073 1443
1072 1315
1072 1912
1314 1816
1309 1467
1309 1817
1106 1406
1106 1819
1318 1332
1318 1458
1440 1527
1412 1505
1412 1522
1412 2156
1159 1416
1106 1133
1106 1324
1106 1338
1106 1374
1106 2097
1106 2098
1323 1365
1326 1822
1326 1881
1157 1225
1157 1256
1157 1325
1157 1327
1157 1328
1157 1424
1157 1579
1157 1580
1157 1821
1326 1433
1326 1459
1239 1299
1239 1330
1239 1483
1131 1192
1131 1329
1063 1634
1140 1319
1140 1345
1334 1346
1334 1631
1334 1677
1334 2016
1080 1099
1080 1237
1080 1333
1080 1369
1080 1391
1080 1396
1080 1438
1080 1502
1080 1506
1080 1515
1151 1356
1151 1558
1336 1663
1336 1997
1102 1323
1102 1831
1340 1341
1340 1462
1148 1178
1148 1339
1148 1540
1339 1448
1343 1364
1343 1427
1343 1508
1343 1860
1097 1252
1097 1342
1140 1332
1140 1344
1140 2180
1213 1333
1213 1761
1447 1461
1447 1842
1199 1349
1199 1426
1199 1449
1199 1629
1198 1252
1198 1348
1296 1364
1085 2017
1276 1435
1276 1466
1276 2189
1091 1128
1091 1257
1091 1289
1091 1354
1091 1379
1091 1859
1241 1562
1151 1335
1151 1357
1151 1489
1151 1530
1151 1558
1151 2007
1151 2120
1152 1356
1152 2139
1735 1765
1206 1719
1206 1867
1206 2044
1361 1363
1361 1775
1361 1929
1361 1950
1140 1273
1140 1360
1140 1362
1140 1444
1140 1450
1140 1487
1140 1864
1361 1371
1360 1471
1360 1919
1203 1342
1203 1350
1107 1244
1107 1324
1107 1373
1107 1500
1490 1516
1085 1388
1085 1400
1085 1624
1369 1903
1369 1975
1334 1368
1334 1552
1371 1495
1070 1362
1070 1370
1070 1403
1070 1445
1070 1538
1070 1539
1373 1374
1373 1451
1269 1313
1269 1365
1269 1372
1323 1372
1323 1451
1375 1422
1283 1382
1283 1406
1379 1400
1379 1593
1379 2021
1379 2104
1097 1353
1097 1378
1502 1506
1502 1893
1382 1397
1377 1381
1377 1383
1243 1382
1243 1476
1247 1895
1218 1895
1095 1387
1095 2096
1095 2159
1177 1386
1367 1399
1251 1478
1251 1632
1391 1425
1391 1439
1334 1390
1334 1413
1397 1404
1334 1395
1381 1393
1182 1302
1388 1400
1367 1378
1367 1399
1367 1401
1367 1852
1088 1128
1088 1400
804 1230
804 1257
1169 1171
1169 1371
1169 1485
1169 1540
1169 1541
1153 1406
1317 1377
1317 1405
1317 1422
1191 1219
1798 1980
1798 1983
1290 1470
1268 1419
1268 1498
1268 2113
1321 1411
1321 1505
1166 1391
1166 2193
1416 1522
1416 1844
1416 1874
1134 1159
1134 1195
1134 1322
1134 1414
1134 1415
1134 1920
1219 1921
1067 1419
1067 1455
1067 1828
1068 1410
1068 1418
1068 1453
1068 1454
1068 1535
1068 1923
1068 1963
1085 1251
1102 1376
1102 1406
1102 1421
1102 1423
1243 1422
422 1326
422 1924
1217 1390
1217 2016
1296 1348
1296 1392
1342 1449
1429 2069
1091 1119
1091 1428
1431 1432
1431 1974
1430 1433
1224 1263
1224 1430
1306 1327
1306 1431
1143 1930
1164 1278
1164 1352
1164 1436
1164 2184
1117 1309
1117 1435
1117 1462
1783 1935
1166 1334
1166 1811
1390 1440
1390 1516
1390 1526
1390 1884
1320 1439
1320 1811
1208 1442
1208 1794
1103 1185
1103 1441
1103 1443
1103 1537
1103 1548
1103 1987
1313 1442
1061 1062
1061 1361
1061 1445
1371 1444
1083 1089
1083 1095
1083 1311
1083 1447
1083 2077
1094 1312
1094 1347
1094 1446
1094 2195
1341 1461
1205 1348
1205 1427
1218 1274
1218 1361
1135 1372
1135 1374
1135 1472
1135 2118
1135 2119
1148 1195
1148 1541
1116 1419
1116 1456
1116 1419
1116 1457
1418 1456
1418 1457
1418 1598
1453 1455
1454 1455
1140 1319
1140 1952
1078 1111
1078 1123
1078 1267
1078 1327
1104 1461
1104 2072
1104 2074
1104 2081
1104 2095
1104 2105
1104 2108
1104 2123
1104 2144
1117 1234
1117 1347
1117 1448
1117 1460
1117 2124
1117 2125
1339 1436
1339 1463
1117 1279
1117 1462
1117 1953
1276 1352
1276 1464
1276 1465
1276 1908
1175 1183
1175 1209
1175 1316
1175 2138
1173 1484
1173 1748
1173 1954
1173 2188
1072 1187
1409 2112
1109 1363
1109 2173
1109 2188
1268 1451
1268 1497
1268 2128
1268 2129
1151 1530
1151 2131
1142 1284
1142 1475
1142 2042
1125 1308
1125 1383
1085 1229
1085 1389
1085 1477
1085 2050
1085 2086
1479 1535
1239 1329
1152 1170
1152 1173
1152 1468
1152 1485
1152 2157
1403 1484
1140 1170
1140 1173
1173 1361
1173 1531
1092 1204
1092 1231
1092 1258
1151 1276
1151 1278
1151 1356
1151 2120
1151 2138
1151 2139
1151 2179
1098 1366
1145 1621
1145 1760
1145 1984
1493 1565
1493 1710
1493 1986
1132 1492
1523 1537
1523 1988
1109 1370
1109 1919
1090 1108
1090 2010
1069 1472
1069 1410
1116 1500
1116 1877
1116 1994
1116 1995
1365 1499
1161 1250
1334 1380
1334 1999
1091 1176
1158 1245
1158 1321
1158 1412
1074 1159
1074 1334
1074 1380
1074 1507
1074 1512
1074 1514
1074 1818
1074 2202
1244 1506
1244 1541
1342 1876
1082 1509
1082 1980
1594 1891
1594 2019
1198 1216
1198 1506
1198 1513
1198 2020
1512 1736
1512 2022
1334 1394
1334 1818
1366 1439
1366 1925
1366 2027
1162 1518
1174 1517
1521 1588
1195 1519
1195 1520
1321 1415
1321 1844
1280 1494
1280 1979
1280 2031
1223 1229
1223 1525
1223 1632
1223 1949
1091 1166
1091 1524
1284 1439
1284 1926
1320 2193
1193 1529
1193 1694
1193 1695
1193 1762
1193 2126
1528 1559
1100 1151
1100 1356
1100 1473
1100 1531
1100 1533
1100 1536
1100 2076
1100 2173
1134 1170
1134 1173
1134 1487
1134 1530
1238 1298
1238 2158
1286 1419
1286 1480
1210 1530
1210 2176
1442 1494
1310 1340
1310 1403
1167 1403
1167 1452
1167 1507
1060 1644
1060 1938
1115 1611
1547 1832
1575 2040
1553 1888
1544 1548
1544 1595
1544 1638
1544 1708
1544 1733
1544 1744
1442 1547
1782 2110
1622 1931
1779 1993
1116 1369
1071 1546
1072 1653
1072 1670
1072 1720
1072 1740
1072 1839
1072 1890
1072 1957
1072 2142
1561 1841
1089 1104
1712 1846
1335 1356
1080 1529
1081 1781
1555 1819
1298 1355
1298 2158
1689 1787
1689 1857
1569 1950
1492 1745
1069 1567
1069 1568
1272 1564
1255 1618
1728 1881
1685 1740
1102 1574
1102 2053
1573 2099
1573 2115
1545 1685
1545 1946
1124 1593
1235 1631
1645 1985
1112 1326
1112 1657
1326 1987
1112 1582
1581 1764
1691 1918
1691 2087
1117 1599
1117 1855
1117 1856
1117 1951
1117 2000
1117 2012
1721 1745
1272 1702
1272 1928
1588 1867
1520 1587
1599 1679
1599 2000
1599 2150
1716 1854
1622 1930
1701 2048
1378 1576
1224 1511
1960 2038
1455 1597
1455 1686
1584 1589
1584 2012
1601 1922
1601 2097
1601 2098
1600 1838
1600 1972
2001 2130
2001 2151
1115 1686
1648 1773
1648 1823
1132 1699
1132 1820
1132 2043
1674 1773
1970 1998
1133 1725
1133 2065
1133 2148
1543 1760
1613 1627
1613 1781
1612 1847
1654 1954
1654 2157
1071 1659
1834 2002
1620 1700
1570 1902
1140 1882
1140 1617
1140 1700
1491 1948
1143 1550
1143 1591
1143 1623
1143 1692
1622 1662
1622 2014
1622 2099
1622 2115
1087 1367
1063 2004
1272 2003
1612 1664
1663 1809
1296 1348
1090 1729
1333 1577
1389 1524
1813 1848
1813 1964
1271 1331
1667 1703
1738 1824
1547 1930
1911 2092
1766 1804
1689 1804
1699 2067
1542 1751
1542 1909
1542 2035
1578 1606
1166 1864
1224 1916
1604 1807
1173 1752
1173 1954
1173 2068
1788 2015
1795 1797
1759 1879
1554 1742
1554 1790
1554 2038
1554 2039
1614 1752
1614 1883
1771 1786
1615 1826
1827 1892
1662 1820
1662 1850
1623 1661
1623 1722
1623 2067
1337 1628
1627 2163
1862 1915
1105 1667
1635 1666
1808 1890
1670 1754
1554 1669
1554 1685
1789 2013
1687 1897
1607 1800
1677 1906
1098 1333
1098 1676
1194 1245
1209 1589
1734 1803
1875 2037
1834 1929
1158 1284
1572 1575
1572 1670
1572 1786
1572 1878
1572 1915
1598 1603
1218 1673
1218 1688
1218 1897
1218 2167
1219 1563
1219 1642
1219 1714
1219 1857
1691 1861
1691 2097
1583 1690
1583 1918
1622 1869
1858 1907
1528 1731
1528 1967
1149 1826
1776 1982
1605 1643
1605 1776
1617 1620
1282 1592
1586 2003
1586 2167
1635 1780
1635 1841
1724 1976
1206 1853
1675 2007
1829 2019
1547 1795
1226 1797
1226 1870
1226 2100
1492 1830
1896 1921
1557 1904
1098 1843
1098 2194
1689 1739
1961 2111
1590 1889
1590 1921
1104 2136
1359 1849
1585 1722
1585 1930
1662 1721
1235 1975
1704 1795
1242 1609
1242 1945
1242 2080
1242 1755
1242 1977
1224 1778
1082 1571
1630 1997
1153 1913
1098 1694
2113 2117
2113 2130
1547 2052
1680 1758
1680 1802
1680 2051
1181 1358
1157 1513
1636 1637
1636 1737
1714 1785
1554 1572
1743 1793
1743 2025
1653 1743
1653 2162
1741 1742
1547 1870
1565 1585
1748 1904
1748 2008
1748 2183
1468 1747
1157 1822
1157 1885
1649 1654
1649 2157
1104 1865
1669 1790
1669 1833
1726 1756
1726 2080
1755 2087
1847 1882
1847 1909
1734 1782
1652 1782
1491 1611
1491 1898
1491 2088
1346 1999
1255 1528
1256 1880
1358 2042
1640 1767
1219 1766
1833 2032
1158 1212
1658 1899
1878 2052
1604 1607
1155 1214
1360 1950
1268 1698
1268 1699
1268 1869
1268 1886
1268 1962
1165 1849
1683 1727
1551 1848
1703 1947
1560 1612
1549 1758
1549 1759
1549 2011
1437 1900
1739 1910
1280 1658
1280 1685
1280 1907
1280 2041
1563 1896
1650 1959
1671 1816
1653 1754
1741 1791
1741 1792
1741 2025
1208 1441
1208 1796
1651 1708
1651 1724
1651 1796
1651 1976
1794 1795
1651 1709
1255 1408
1224 1264
1286 1674
1286 1807
1288 1996
1734 2001
1291 1680
1640 1642
1298 1299
1300 1648
1300 1800
1300 2163
1668 1839
1063 1628
1106 1237
1438 1440
1307 1851
1633 2011
1309 1920
2023 2031
1315 1672
1315 1789
1316 2149
1316 2150
1506 1515
1317 1561
1605 1661
1605 2043
1326 1923
1325 1749
1604 1964
1636 1914
1118 1120
1659 1696
1660 2020
1660 2046
1418 2006
1707 2034
1130 1710
1338 1838
1338 2155
1544 1930
1754 1769
1616 1682
1114 2049
1601 1831
1601 2099
1554 1808
1554 1840
1768 1839
1555 1703
1347 2070
1347 2079
1347 2122
1713 1981
1415 1522
1415 2156
1557 1883
1613 1757
1613 1806
1633 1779
1719 1777
1661 2118
1661 2119
1066 1400
1165 1705
1590 1889
1584 1951
1584 2000
1584 1951
1563 1689
1693 2023
1353 1992
1690 2098
1665 2039
1127 1933
1361 1646
1164 1753
1359 1587
1917 1999
1692 1776
1692 2106
1709 1744
1872 1873
1872 2067
1871 2129
1871 2128
1142 1415
1508 2141
1106 1499
1685 1772
1652 1993
1325 1571
1619 1757
1654 1846
1654 1954
1749 1924
1749 2047
2145 2157
1716 1854
1554 1668
1199 1511
1200 1660
1380 1917
1380 2030
1895 1936
1384 1385
1384 1894
1711 1787
1655 1656
1655 1673
1655 1687
1655 1950
1760 2088
1771 1958
1771 1960
1783 1901
1066 1900
1235 1618
1368 1990
1712 1747
1075 1158
1676 1941
1693 1786
1466 2062
1644 1757
1785 1978
1219 1314
1248 1730
1098 1824
1665 1685
1868 1893
1868 1999
1583 1691
1363 1495
1416 1814
1417 1711
1417 1716
1600 2119
1600 2151
1419 1821
1424 1885
1526 1940
1977 2080
1272 1586
1272 2003
1272 2177
1360 1682
1360 1938
1434 1591
1434 1638
1434 1721
1434 1832
1434 2196
1114 1944
1863 1934
1863 1935
1863 1944
1863 2116
1289 1933
1437 1933
1894 1937
1542 1929
1926 1939
1926 2027
1081 1130
1999 2030
1932 1933
1725 2089
1725 2098
1725 2114
1725 2148
1575 2033
1105 1621
1186 1524
1360 1564
1360 1775
1360 1897
1584 1855
1584 1856
1584 2012
1458 1836
1463 2056
1463 2137
1463 2140
1463 2143
1463 2186
1463 2187
1468 1614
1468 1649
1468 1883
1145 1718
1120 1160
1899 2038
1090 1788
1596 1899
1715 2029
1715 2117
1776 1963
1776 1964
1776 2029
1419 1962
1633 1823
1633 1962
1966 2019
1966 2034
1983 2126
1067 1115
1067 1970
1608 1969
1155 1991
1601 2133
2009 2010
1368 1723
1704 1795
1726 1927
1726 2051
1910 1979
1910 2175
1523 1978
1408 1510
1698 1986
1408 1968
1578 2078
1578 2161
1492 1982
1442 1580
1903 2026
1257 1859
1551 1879
1551 1994
1551 1995
1291 1499
1291 1993
1242 1499
1242 1993
1801 2049
1337 1729
1502 1761
1502 1868
1502 1917
1502 1943
1502 2026
1584 1589
1584 1855
1602 1802
1602 2114
1060 1616
1626 1702
1626 1928
1625 2075
1356 1706
1496 1973
1496 2005
1782 1813
1584 1599
1584 1951
1623 2127
1165 1650
1333 1425
1090 1351
1090 2018
1511 1707
1511 1965
1511 2020
1512 1827
1512 2019
1512 2046
1512 2047
1124 1378
1815 1858
1741 1793
1741 2024
1990 1999
1516 1940
1071 2060
1961 1962
1893 1943
1523 1697
1523 1815
1523 2175
1769 2033
1769 2041
1946 2032
1829 1965
1060 1644
1206 1681
1596 1653
1596 1958
1596 2078
1653 1862
1653 2040
1545 2039
1786 2032
1474 1765
1605 1820
1359 2045
1827 2020
1827 2047
1885 2020
1885 2046
1837 1996
1186 1478
1734 1977
1733 1772
1573 2196
2089 2119
2089 2151
2081 2107
1953 2084
2059 2060
1307 2028
1307 2057
1104 2107
1100 1908
1147 2124
1147 2125
1609 2097
2140 2186
2140 2187
1643 1662
1643 1871
1066 1428
1842 2101
1095 2165
1095 2166
1460 2073
2072 2101
2072 2108
1460 2101
1186 2004
1210 1530
1446 2191
1985 2038
1842 2095
1725 1755
1725 1927
1460 2055
2083 2085
2083 2137
2082 2084
2082 2094
2056 2083
2056 2085
2082 2084
2082 2143
1205 1478
1583 1756
1760 1898
1945 2054
1945 2129
2134 2144
1095 2190
1160 1639
2083 2107
1460 2079
1093 1386
1093 2135
1093 2190
1323 1600
1323 1690
1323 2065
1323 1600
1323 1861
1323 1945
1574 1623
1574 1838
2070 2073
2070 2074
2070 2122
2127 2146
2127 2155
2145 2157
1378 2109
1460 2107
1869 2058
1869 2154
2055 2061
2055 2094
2055 2105
1460 2073
1096 2104
1549 2113
1715 2163
1470 2164
1410 1732
1410 2110
1945 2001
1945 2151
1574 1623
1732 1961
1451 1850
1451 2151
1451 1850
1451 1922
1451 2054
1278 1356
1278 1489
1104 2137
1842 2101
1460 2134
1461 2063
1461 2064
1528 1968
2014 2102
1472 1873
1472 2153
1472 1872
1472 2089
1602 1732
1602 2153
1473 2145
1972 2146
1972 2154
2090 2123
1093 2096
1717 2156
1953 2082
1953 2121
1953 2140
1309 1467
1309 1489
1101 1309
1101 1357
1101 1489
1953 2066
1953 2137
1285 1876
1554 2093
1953 2085
1460 2090
1887 2103
1887 2131
1887 2132
2102 2133
2102 2147
1609 1945
1817 2150
1589 1817
1589 2149
1602 1922
1602 2054
1602 2114
1602 2118
2128 2130
2106 2133
1831 2102
1321 1844
1321 2136
1484 1614
1484 1752
1484 1887
1484 2103
1298 1532
1298 1562
1095 1386
1095 2169
1095 2170
2161 2162
1985 2160
1742 2152
1742 2160
1664 1807
1664 2111
1181 2112
1687 1702
1471 1530
1978 2031
1978 2174
1100 1536
1928 2178
2177 2183
1100 1489
1172 1345
1172 2181
1268 2197
1747 2178
1164 1435
1309 2198
1953 2066
1953 2066
1468 1471
1164 1352
2091 2096
2091 2168
1311 2077
1311 2192
1311 2171
1311 2172
1311 2191
1413 1527
1224 1713
1117 1447
1930 2053
2200 2204
2199 2201
2200 2203
1506 2204
1277 2201
2199 2202
2210 2211
802 2213
2244 2390
2412 4743
2205 2212
2205 2212
2210 2211
2210 2213
2210 2282
395 2207
395 2212
2396 4897
2357 2411
2370 2387
2288 2345
2346 2347
2244 2332
2244 2373
2244 2397
2222 2223
2222 2232
2222 2261
2222 2295
2222 2376
2222 2402
2222 2403
2222 2405
2221 2223
2221 2224
2221 2229
2221 2321
2221 2418
393 2221
393 2222
393 2229
393 2235
393 2383
2222 2321
2222 2350
2314 2404
2230 2359
2226 2234
2220 2222
2220 2223
2227 2263
396 2317
396 2347
396 2357
2221 2405
2305 2361
2305 2409
2228 2360
2223 2262
2223 2298
2223 2309
2223 2312
2223 2328
2223 2369
2223 2383
2236 2237
2236 2291
2236 2368
2236 2396
2285 2313
2325 2366
2242 4507
2242 4631
2241 2249
2241 2310
2241 2355
2325 2335
2208 2219
2208 2332
2315 2421
2308 2388
2308 2420
2256 2386
2249 2250
2249 4535
2249 4536
2242 2248
2242 2251
2242 2252
2242 2253
2242 2370
2242 2412
2242 4573
2242 4652
2249 2311
2281 2379
2292 2327
2247 2303
2282 2407
2235 2258
2235 2259
2235 2260
2235 2298
2235 2364
2230 2306
2230 2357
2282 2286
2306 4854
2272 2414
2268 2269
2268 2270
2268 2333
2268 2381
2267 2271
2267 2382
2267 2416
2266 2334
2275 2372
2275 2407
2273 2274
2277 2290
2277 2389
2320 2371
2361 2414
2254 2282
2254 2336
389 2212
389 2257
389 2264
389 2281
389 2283
389 2284
389 2302
389 2304
389 2372
389 2375
396 420
396 2282
396 2284
2280 2282
2280 2283
2239 2286
2239 2331
2239 2392
2264 2285
2334 2387
2217 2316
2341 2382
2276 2292
2276 2368
2276 2377
2238 2315
2255 2290
2348 2367
2332 2382
2221 2405
2235 2262
2235 2296
2235 2297
2235 2343
2235 2369
2300 2407
2299 2407
2282 2354
2256 2348
2256 2408
790 2282
790 2354
2233 2310
2263 2265
386 2330
2246 2388
2246 2415
2235 2383
2235 2388
2242 2305
2253 2346
520 2235
520 2364
520 4837
2225 2321
2225 2359
2245 2291
2288 2317
2231 2316
2231 2370
2327 2332
2321 2366
2278 2321
2222 2224
2222 2314
2222 2319
2222 2320
2222 2322
2222 2323
2222 2324
2222 2393
2240 2243
2240 2358
2240 2406
2255 2318
2255 2328
2255 2329
2255 2352
2255 2380
2255 2420
2235 2327
2235 2329
2235 2383
2326 2327
2326 2328
2307 2405
2285 2392
2219 2244
2219 2294
2219 2318
2219 2373
2219 2389
2267 2381
2272 2287
2243 2349
2243 2371
2281 2338
2281 2367
2281 2374
2357 2404
2388 2419
2363 2401
2289 2382
2363 4035
2298 2344
69 2343
2217 2346
2218 2311
2218 2345
2218 2231
2293 2303
2335 2350
2335 2406
2224 2349
840 2364
2327 2388
2382 2388
2302 2304
2302 2372
2242 2387
2242 2411
2242 4634
2376 2402
2215 2231
2215 2263
2215 2337
2325 2371
2227 2314
2234 2362
2233 2279
2360 2363
2340 2342
2340 2362
2340 2364
2340 2365
2262 2312
2262 2351
2262 2363
2363 4859
2240 2319
2293 2336
2238 2290
2238 2369
2238 2377
2238 2389
2235 2298
2235 2368
2216 2249
2216 2317
2278 2335
2278 2358
2274 2282
2274 2301
2274 2354
2219 2332
2219 2397
2336 2375
2336 2378
2282 2374
2221 2356
2221 2403
2290 2368
2374 2379
2374 2386
2254 2378
2327 2388
2267 2333
2267 2382
2206 2268
2206 2289
2206 2294
2206 2341
2206 2353
2206 2381
2206 2383
2206 2384
2206 2385
2206 2395
2206 2398
2206 2419
2223 2235
2223 2309
2223 2328
2223 2382
2382 2418
2382 2418
2247 2378
2247 2408
2216 2287
2216 2355
2216 4660
2246 2308
2246 2309
2246 2339
2246 2352
2246 2353
2246 2380
2276 2332
2276 2368
2208 2395
2285 2331
2285 2393
2285 2394
2285 2405
395 2321
395 2392
395 2394
2391 2392
2391 2393
2382 2390
2214 2238
2214 4849
2219 2373
2219 2398
2219 2399
2219 2400
2382 2397
2221 2356
2221 2376
2225 2337
2221 2232
2221 2295
2221 2330
2221 2392
2325 2349
2257 2274
2257 2299
2257 2300
2303 2386
2233 2410
2233 4552
2233 4632
2233 4649
2233 4749
2233 4753
2215 2355
2209 2249
752 2414
753 2266
753 2279
753 2413
753 4695
2308 2416
2268 2415
777 790
2222 2384
2222 2385
2339 2382
2246 2327
2245 2422
4491 4563
2424 2459
2424 2519
490 2485
490 2655
2729 2730
2489 2586
2489 2656
2545 2617
2432 2816
2431 2590
2578 2661
2436 2471
2436 2524
2436 2588
2436 2619
2436 2623
2436 2624
2436 2662
2436 2668
2436 2698
2436 2701
2436 2702
2490 2638
2490 2670
2434 2586
2434 2672
2437 2438
2437 2449
2437 2529
2437 2596
2437 2631
2437 2633
2437 2639
2437 2682
2437 2683
2437 2885
2437 2991
4129 4148
4129 4458
2441 2442
2441 2521
2441 2616
2441 2627
2681 2685
2681 2707
2681 2956
2681 3094
2604 2685
2604 2708
2502 2559
2502 3206
1184 2457
1184 2793
1184 2814
1184 2967
2545 2597
2439 2687
2439 3189
2451 2576
2451 2717
2451 2719
2451 3043
2551 2561
2551 2694
2453 2560
2453 2586
2453 2697
2709 2838
2709 3105
2709 3228
2458 2617
2458 2709
2447 2458
2447 2793
2447 2930
2447 3004
2447 3011
2456 2457
2456 2459
2456 2487
2456 2525
2456 2593
2456 2617
2456 2677
2456 2703
2425 2458
2425 2558
2425 2591
2425 2593
2425 2599
2460 2586
2460 2590
2462 2654
2462 2991
2486 2543
2486 2712
2486 2713
2716 2717
2716 2939
2716 3244
2716 3279
2527 2561
2527 2718
2596 2639
2596 2723
2434 2470
2434 2966
2493 2588
2493 3216
2476 2477
2476 2645
2475 2476
2475 2477
2475 2483
2475 2552
2475 2559
2475 2642
2474 2503
2474 2519
2474 2558
2474 2591
2473 2474
2473 3217
2473 2474
2473 3218
2810 2864
2480 2481
2480 2555
2479 2482
2479 2591
2474 2559
2474 3219
2505 2736
2505 3090
2505 3091
2426 2496
2426 2548
2426 2561
2426 2741
2426 2743
2426 2764
2426 2958
2464 2528
2464 2543
2464 2743
2458 2617
2458 2632
2489 2576
2489 2989
2489 3214
2489 3252
2428 2488
2428 2521
2428 2583
2428 2586
2428 3060
2428 3115
2435 2495
2435 2498
2435 2730
2435 2948
2435 3017
2493 2643
2493 2646
2472 2492
2472 2588
2472 2627
2472 3014
2472 3016
2472 3224
2472 3225
2561 2760
2561 3017
2490 2761
2490 2762
2490 2763
2485 2766
2485 3017
2595 2767
2595 2769
2595 3172
2490 2513
2490 2729
2490 2769
2538 2544
2538 3078
2530 2579
2530 2775
2530 2776
2530 3113
2530 3271
2502 2643
2502 2645
2446 2501
2446 2503
2446 2552
2446 3016
2446 3226
2446 3227
2475 2502
2475 2611
2604 2609
2604 2782
2484 2522
2484 2783
2484 2785
2484 3049
2622 2777
2622 2802
2507 2519
2507 2613
2510 2511
2510 2616
2510 2627
2498 2795
2498 3017
2515 2595
2514 2595
2514 2810
2514 3036
2514 3231
2517 2518
2517 2519
2425 2475
2425 2508
2425 2516
2425 2558
2425 2599
2425 2602
2533 2595
2533 3005
2443 2489
2443 2559
2443 2641
2443 3233
2505 2601
2505 2614
2505 2617
2505 2806
2505 2807
2505 3045
2505 3047
2434 2586
2434 2813
2458 2617
2468 2561
2468 2600
2468 2789
2468 2804
2468 2815
2486 2543
2486 2549
2486 2606
2486 2612
2486 2804
2439 2554
2439 2874
2439 2917
2439 3186
2500 2531
2500 2579
2500 2792
2500 2916
2500 2918
2500 3113
2500 3181
2530 2636
2530 2725
2530 2726
2557 2612
2520 2534
2520 2542
2520 2595
2520 2765
2520 2821
2520 2823
2520 3005
2520 3112
2520 3179
2533 2564
2533 2659
2533 2821
2533 2823
2533 3017
2535 2629
2535 2701
2548 2841
2548 3055
2499 2539
2499 2544
2499 2550
2499 2551
2499 2554
2499 2920
2499 3123
2499 3124
2538 2549
2538 2606
2583 2828
490 2533
490 2728
490 2765
490 2834
490 2835
490 2836
490 2952
490 2997
490 3068
490 3112
490 3174
490 3207
490 2464
490 2486
490 2528
490 2832
490 4219
2499 2538
2499 2791
2499 2843
2499 2844
2499 2920
2499 2923
2429 2448
2429 2554
2429 2592
2429 2637
2429 2858
2429 2860
2429 2862
2429 3154
490 2485
490 2537
490 2546
490 2547
490 2847
490 2848
490 2958
490 3055
2528 2539
2528 2551
2528 2855
2528 2856
2538 2551
2538 2561
2538 2849
2538 2850
2538 2853
2538 2854
2452 2538
2452 2549
2452 2550
2452 2852
2474 2502
2474 3292
2721 2801
2721 2809
2721 2843
2721 2845
2721 2870
2721 2871
2721 2872
2721 2874
2721 2908
2721 2922
2721 2971
2721 2995
2721 2999
2721 3096
2721 3128
2721 3141
2721 3149
2721 3284
2529 2538
2529 2545
2529 2575
2529 2596
2529 2608
2529 2870
2529 2871
2529 2872
2529 3187
2621 4099
2621 4317
1131 2532
1131 2558
2459 2475
2459 2519
2459 2557
2446 2474
2446 2483
2446 2521
2446 2627
2446 3242
2446 3243
2454 2604
2454 2882
2452 2468
2452 2485
2452 2494
2452 2527
2452 2550
2452 2826
2452 2883
2452 2900
57 81
57 133
57 4129
57 4445
57 4448
57 4461
2620 2790
2620 3146
2620 3147
2534 2658
2534 2892
2677 2817
2677 2894
2677 2941
2566 2593
2566 2941
2593 2666
2593 2895
2593 2898
2593 2899
2575 2692
2575 2812
2575 2906
2575 2936
2575 2972
2575 3097
2575 3281
2554 2574
2554 2581
2554 2592
2554 2597
2554 2601
2554 2733
2554 2794
2554 2904
2554 2905
2554 2907
2554 2964
2554 3154
2450 2488
2450 2989
2450 3043
2450 3205
2450 3277
2588 2641
2588 3014
2588 3247
2588 3248
2433 2586
2433 2902
2500 2530
2500 2580
2500 3113
2489 2541
2489 2582
2596 2608
2596 2908
2586 2674
2586 2710
2586 2717
2586 2720
2586 2722
2586 2880
2586 2889
2586 2911
2586 3095
2586 3158
2586 3199
2586 3215
2428 2436
2428 2454
2428 2461
2428 2489
2428 2524
2428 2578
2428 2585
2428 2604
2428 2911
2434 2472
2434 2493
2434 2577
2434 2587
2432 2461
2432 2912
2459 2475
2459 2480
2545 2575
2458 2459
2458 2567
2458 2569
2458 2572
2458 2704
2458 2909
1308 2605
1308 2909
2430 2497
2430 2514
2430 2515
2430 2520
2430 2533
2430 3005
2430 3157
2430 3179
2439 2469
2439 2554
2439 2584
2439 2918
2439 2927
2439 2928
2439 2934
2448 2575
2448 2917
2459 2519
2459 2598
2527 2933
2522 2575
2522 2936
2522 2964
2522 3049
2608 2943
2608 3115
2445 2504
2445 2560
2445 2586
2445 2609
2445 2953
2445 2955
2445 2956
2594 2606
2594 2618
2594 2953
2528 2539
2528 2605
2528 2607
2528 2612
2528 2618
2528 2960
2606 2608
2606 2611
2606 2654
2606 2733
2606 2794
2606 2959
2606 3188
2554 2584
2554 2603
2554 2607
2554 2623
2554 2624
2554 2651
2554 2790
2554 2960
2554 3060
2504 2604
2504 2963
2503 2523
2503 2607
2503 2612
2503 3288
2503 3289
2528 2532
2528 2606
2528 2611
2522 2617
2522 2970
2443 2509
2443 2615
2443 3266
2429 2456
2429 2458
2429 2487
2429 2522
2429 2525
2429 2614
2429 2637
2429 2885
2429 2886
2429 2973
2429 2974
2605 2606
2605 2974
2434 2966
2434 2976
2563 2789
2563 2978
2556 4172
2556 4265
2556 4317
2506 2638
2506 2702
2506 2993
2434 2608
2434 2979
2434 2608
2434 2980
2443 2493
2443 2509
2443 2559
2443 2625
2443 2626
2982 2990
2536 2948
2536 2986
2536 2987
2439 2634
2439 3283
2487 3204
2439 3187
2531 2934
2545 2617
2435 2622
2435 2635
2439 2469
2610 2965
2610 2966
2521 2577
2521 3208
2492 2501
2492 2644
2492 3212
2643 2648
2643 3236
2643 3237
2473 2501
2473 2647
2473 2648
2473 3239
2473 3240
2492 2648
2492 3254
2645 2649
2645 3255
2645 3256
2645 3257
2645 3258
2645 3259
2645 3260
2644 2645
2644 2646
2644 2649
2644 3261
2647 2648
2647 3273
2647 3274
3288 3289
2608 3114
2760 2795
3040 3188
2463 2607
2463 3019
2426 2740
2426 2766
2426 2825
2426 3176
2426 3178
2428 2669
2428 3155
2693 2908
2693 2916
2693 2918
2693 3077
2564 2667
2534 2759
3024 3201
2434 2668
2434 2684
2434 2705
2434 2813
2434 2819
2434 2837
2434 2944
2434 2959
2434 2969
2434 3104
2434 3200
2569 2788
2434 2662
2434 2663
2435 2795
2435 3005
2435 3008
2435 3221
2780 2796
2780 3001
2780 3004
2780 3026
2780 3143
2436 2673
2436 2674
2585 2672
2585 2710
2585 2890
2585 3215
2458 2565
2458 2676
2714 2942
490 2679
490 2984
2662 2813
2444 2445
2444 2686
2685 2778
2685 3003
2449 2758
2449 2846
2449 2936
2449 3050
2449 3098
2449 3099
2690 2837
2690 2891
2690 2942
2574 2936
2574 2972
2574 3145
2574 3180
2574 3262
2657 2908
2657 3077
2657 3171
2657 3286
2452 2921
2452 3021
2452 3022
2452 3029
2703 2787
2454 2881
2454 3093
2454 3133
2454 3134
2454 3190
2454 3270
2434 2699
2709 3268
2434 2536
2434 2622
2434 3067
2458 2696
2458 2745
2458 2787
2458 3012
2593 2896
2593 3103
2810 2840
2455 2456
2455 2700
2585 2674
2585 3199
2585 3215
2957 3210
2957 3220
2957 3263
2678 2942
2811 2971
2811 2978
2811 3057
2465 3244
2465 3279
2450 2465
2450 2466
2450 2467
2450 2585
2450 2719
2450 2720
2450 3158
2450 4022
2450 4023
2450 2717
2585 2717
2553 2723
2585 2757
2585 2880
2585 2889
2585 2973
2469 2721
2469 2846
2755 2756
2755 2779
2755 2838
2755 2839
2755 2857
2755 3105
2531 2726
2531 3061
2531 2725
2531 3061
2781 3009
2781 3287
2542 2952
2542 3062
2542 3207
2542 3265
2427 2498
2427 2731
2427 2490
2427 2732
2575 2607
2575 3064
2484 2737
2484 2738
2484 2806
2484 3010
2736 2738
2736 2779
2736 3193
2734 2736
2734 2737
2740 2741
2655 2739
2655 2760
2655 2766
2655 2883
2655 2932
2655 3041
2655 3042
2485 2739
2485 2742
2485 2486
2485 2744
2703 3012
2724 2857
2722 2889
2687 3099
2491 2659
2494 2652
2494 2740
2494 2795
2494 2840
2494 2878
2494 2883
2494 3041
2485 2765
2485 3017
2533 2542
2533 2764
2533 3112
2496 2655
2496 2740
2496 3100
2497 2768
2497 2498
2497 2770
2772 2780
2772 2781
2981 3003
2686 2842
2724 2737
2724 2838
2724 2839
2724 2857
2671 2771
2671 2781
2671 3004
2671 3011
2727 2771
2727 2780
2727 2967
2727 2968
2727 3001
2727 3009
2505 2784
2505 2785
2505 3076
2783 2785
2505 2783
2505 2784
2696 2703
2696 2786
2696 2977
2696 3267
2527 2620
2563 2608
2544 2792
2544 2923
2530 2791
2530 2916
2530 3286
2447 2457
2447 3012
2575 2607
2575 3108
2513 2652
2513 2670
2513 2760
2671 2839
2671 3026
2671 3110
2671 3152
2798 2800
2798 3175
2797 2800
2797 2820
2797 2997
2797 3150
2797 3211
2797 3222
2797 3253
490 2664
490 2665
490 2800
490 2946
490 2947
2797 2798
2797 2799
2797 2820
2797 2997
2797 3150
2797 3151
2797 3211
2797 3222
2797 3253
2553 2922
2553 2995
2553 3284
2527 2528
2527 2805
2522 2736
2522 3010
2522 3238
2522 3168
2553 2843
2478 2515
2478 2706
2478 2840
2478 2864
2478 2986
2478 3036
2715 2971
2524 2662
2524 2684
2524 2903
2524 2976
2524 3079
2524 3116
2447 2967
2447 2977
2447 2983
2447 3012
2527 2878
2527 3106
2527 3142
2527 3198
2565 2818
2662 2837
2662 2866
2662 2944
2662 2959
2662 3131
2662 3200
2798 2800
2798 2825
2798 2865
2798 2952
2533 2534
2533 2822
2533 2534
2533 2824
2655 2820
2655 2865
2655 2952
2655 3177
2655 3178
2561 3017
2735 2828
2540 2541
2540 2827
490 2543
490 2833
490 2542
490 2829
490 2542
490 2830
490 2542
490 2831
2662 2691
2662 2819
2662 2944
2662 2969
2662 3104
2662 3131
2455 2724
2455 2779
2455 2839
2455 2857
2455 3228
2724 2779
2724 2796
2724 2838
2724 3152
2724 3250
2706 2760
2706 2810
2706 2878
2706 2883
2706 3025
2537 2932
2537 2935
2778 2808
2778 2940
2778 2981
2778 3195
2544 2553
2544 2809
2544 2908
2544 3096
2553 2971
2687 2723
2687 2858
2687 2860
2687 2862
2687 2936
2687 3018
2687 3173
2687 3213
2548 2932
2550 2851
2550 2851
2849 2850
2849 2852
2849 2914
2849 2937
2849 3038
2849 3126
2849 3130
2849 3156
2849 3276
2551 2851
2551 3126
2551 3130
2551 3156
2551 3275
2551 3276
2551 3278
2724 2756
2724 2779
2724 2838
2724 3080
2545 2846
2545 2859
2545 2846
2545 2861
2545 2846
2545 2863
2478 2810
2478 3028
2478 3120
2478 3122
2820 2825
2820 2952
2819 2959
2553 2554
2553 2876
2553 2554
2553 2877
2553 2554
2553 2873
2529 2553
2529 2875
2529 2917
2529 3186
2760 2815
2760 2840
2760 2883
2760 2986
2760 3153
2760 3198
2881 3111
2881 3117
2585 2722
2585 2882
2585 2889
2585 2998
2585 3095
2585 3197
2585 3230
2697 2879
2697 2882
2697 3111
2697 3117
2697 3190
2560 2880
2560 2881
2561 2740
2561 2760
2561 2840
2561 2878
2561 2900
2561 2986
2561 3041
2561 3153
3058 3146
3058 3147
2439 2617
2439 2887
2617 2888
2617 3189
2585 2722
2585 2757
2585 2880
2691 2942
2894 2996
2894 3000
2894 3245
2565 2893
2568 2569
2570 2704
2570 2897
2896 3023
2571 2572
2572 2573
2561 2883
2561 2901
2813 2976
2553 2584
2553 2657
2553 2693
2553 2843
2553 2918
2553 3096
2593 2594
2593 2910
2585 2586
2675 2851
2675 3038
2675 3156
2675 3276
2675 3280
2965 3138
2530 2657
2530 2792
2530 2918
2530 2926
2529 2597
2529 2874
2529 3186
2530 2596
2530 2657
2530 2908
2530 2916
2530 2926
2530 2927
2530 2928
2530 3181
2538 2544
2553 2801
2553 3051
2544 2791
2544 2913
2925 2937
2925 2938
2916 2918
2916 2929
2596 2918
2596 3163
2596 2918
2596 3164
2740 2841
2740 2847
2740 2935
2740 3020
2740 3041
2740 3042
2740 3174
2596 2636
2841 2932
2574 2601
2574 2687
2574 2692
2574 2846
2574 2972
2574 3033
2574 3034
2574 3173
2574 3241
2851 2924
2851 2938
2851 3156
2924 2937
2924 2994
2924 3140
2465 3169
2465 3223
2465 4024
2565 2567
2565 3170
2678 2691
2678 2714
2678 2891
2603 2980
2662 2819
2662 2837
2662 2945
2662 3131
2662 3200
2490 2629
490 2950
2542 2728
2542 2820
2542 2825
2542 2865
2542 3035
2542 3265
2604 2605
2604 2954
2604 2956
2604 2957
2444 2604
2444 2955
2444 3094
2711 2955
2711 3263
2485 2548
2607 2662
2607 2819
2607 2866
2607 3063
2607 3109
2607 3121
2607 3148
2607 3161
2606 2608
2606 2961
2609 2962
2575 2601
2575 3066
2640 2915
2471 2619
2471 2640
2447 2781
2447 2814
2447 2968
2447 3011
2781 2967
2662 2837
2662 3104
2614 3132
2553 2715
2553 2811
2553 2845
2553 2978
2574 2692
2574 2936
2617 2722
2617 3052
2617 2618
2617 2975
2619 2813
2619 2867
2619 2903
2787 2814
2787 2983
2787 3203
2787 3267
2620 2715
2620 2971
2620 3191
2620 3192
2623 2695
2623 3054
2624 2943
2774 2842
2774 3003
2628 2803
2814 2977
2814 3232
2814 3235
2680 2985
2680 2990
2629 2810
2629 2878
2629 2883
2629 3107
2629 3153
2629 3122
2488 2576
2628 2984
2628 2988
2439 2463
2439 3196
2622 3118
2622 3119
2553 2801
2893 3245
2542 2798
2542 2800
2542 2951
2542 3211
2880 3197
2880 3230
2671 2781
2671 3002
2671 3143
2773 3001
2686 2774
2686 2981
2457 2671
2457 2780
2457 3125
2520 2533
2520 2595
2520 2670
2520 3008
2520 3056
2520 3157
2520 3221
3006 3247
2670 3005
2670 3209
2670 3221
2670 3269
2727 2781
2727 3165
2727 3264
2736 2806
2736 3238
2457 2780
2457 2967
2703 2745
2703 2793
2703 2814
2493 2577
2493 3013
2493 2502
2493 3015
2490 2494
2490 2496
2490 2513
2490 2534
2490 2764
2490 2826
2846 3173
2846 3213
2932 3174
2660 3071
2671 2796
3048 3049
2864 3122
3128 3129
3128 3284
2936 3034
2936 3033
2515 2810
2851 2914
2851 3276
2740 2760
2740 2883
2740 2932
2740 3037
2740 3042
2740 2932
2740 3041
2450 2576
3045 3075
3045 3137
2522 3044
3047 3073
3047 3135
2522 2931
2522 3046
2505 2601
2505 3027
2687 3098
2537 2548
3128 3129
2489 2608
2725 2726
2959 3109
2959 3148
3159 3186
3159 3202
3070 3084
3070 3167
3069 3073
3069 3089
3024 3086
3024 3137
3024 3201
3073 3081
3073 3166
3046 3070
3046 3072
3075 3083
3075 3085
3044 3074
3044 3088
2657 2693
2813 3116
2746 3072
2747 3101
2748 3074
2749 3069
2750 3074
2751 3071
2752 3102
2753 3075
2754 3070
2484 2688
2484 3101
2484 2689
2484 3102
3127 3128
2444 2956
2585 2880
2553 2843
2553 2908
2574 3281
2687 3050
2687 2758
3031 3082
3031 3090
3032 3087
3032 3091
2662 2837
2662 2969
2455 2724
2455 3039
2959 3063
2959 3148
2879 2881
2879 3117
2533 2542
2533 2765
2500 2530
2500 2579
2489 2603
2813 3079
2879 2881
2879 3111
2879 3144
2879 3246
2993 3119
2993 3118
2959 3161
2864 2987
2864 3028
2864 3249
2538 3128
2538 3128
2851 2852
2851 3130
3092 3128
3092 3129
2553 3030
2553 3059
2553 3092
2553 3123
2553 3124
2553 3127
2553 3129
2553 3149
2553 3284
3030 3059
3030 3127
3030 3128
3030 3284
2851 2852
2851 3126
2819 2837
2819 2944
2697 3134
2697 3270
2697 3133
2697 3270
2868 3046
2869 3137
3044 3071
3044 3136
2553 3284
2671 3001
3117 3246
2692 3180
2563 2884
2563 2884
2959 3063
2959 3109
2553 3128
2798 2800
2796 2839
2796 3250
2878 2883
2878 2986
2545 2575
2851 2852
2851 2914
2851 2937
2851 3139
2595 3005
2585 2717
3065 3186
3065 3202
2959 3121
2919 3069
2693 3286
2846 2936
2846 3018
2846 3213
2542 2932
2542 3020
2542 3160
2542 3194
2655 2825
2533 2595
2692 3145
2530 2918
2529 2874
2529 2917
2529 3065
2529 3159
2529 3185
2529 3202
2554 2633
2554 3184
2607 2653
2607 3183
2607 3283
2449 2886
2449 3182
2697 2881
2880 2992
2880 2998
2880 3053
2880 3162
2880 3230
2815 2878
2585 2710
2662 2819
2662 2944
2660 3071
3065 3159
3065 3186
2576 3277
2542 2728
3008 3269
2798 2800
2798 2997
2846 3018
2846 3173
2488 3252
2585 2674
2585 2710
2476 3218
2477 3217
2483 3272
2670 3005
2670 3008
2798 2800
2455 2838
2512 3266
2880 2998
2880 3197
2983 3235
2526 3251
2526 3266
2983 3232
2806 3010
2465 2716
2465 3279
2893 2996
3117 3144
2577 3007
2839 3152
2589 3234
2589 3266
2488 3214
2798 2800
2711 2957
2728 2952
2616 3229
2616 3234
2616 3251
2787 2977
3008 3209
2697 3133
2697 3134
2630 3219
2852 3276
2851 2852
2851 2914
2851 3038
2851 3275
2576 3205
2465 2716
2465 3244
2574 3097
2574 3282
2631 3188
2553 2801
2553 3030
2553 3128
2553 3129
2553 3141
2693 2792
2693 3171
2693 3285
2611 2650
2611 3290
2611 2650
2611 3291
3411 3488
3411 3593
3295 3334
3295 3388
3295 3552
3294 3314
3294 4861
3297 3325
3297 3433
3297 3506
3297 3568
3296 3310
3296 3326
3296 3333
3299 3538
3298 3314
3298 3329
3298 3440
3298 3441
3298 3558
3446 3622
3446 3708
3450 3631
3450 3672
3344 3420
3344 3469
3344 3470
3344 3540
3344 3627
3344 3652
3474 3580
3474 3596
3474 3654
3474 3692
3310 3464
3310 3465
3310 3645
3297 3309
3297 3333
3297 3357
3297 3460
3297 3477
3297 3478
3297 3484
3312 3455
3311 3321
3311 3333
3311 3336
3311 3351
3311 3359
3311 3484
3311 3593
3311 3632
3311 3697
3314 3693
3295 3299
3295 3313
3295 3435
3355 3610
3355 3625
3355 3656
3317 3366
3317 3483
3317 3536
3317 3557
3317 3620
3316 3336
3316 3352
3316 3392
3316 3393
3316 3421
3316 3724
3473 4864
3418 3497
3418 3573
3418 3574
3418 3677
3360 3542
3360 3546
3360 3547
3360 3607
3312 3328
3312 3471
3312 3632
3312 3698
3323 3454
3323 3668
3323 4830
3322 3331
3322 3345
3342 3564
3296 3572
3297 3576
3328 3713
3328 3740
3321 3327
3321 3561
3321 3742
3299 3365
3299 3466
3299 3472
3299 3498
3299 3558
3299 3582
3299 3586
3299 3587
3331 3580
3331 3581
3331 3705
3323 3330
3323 3435
3323 3697
3323 4603
3323 4831
3333 3616
3333 3722
3297 3310
3297 3312
3297 3332
3297 4876
3294 3629
3294 4759
3312 3317
3312 3335
3312 3351
3312 4655
3349 3429
3349 3628
3349 3672
3349 4865
3342 3529
3342 4875
3324 3340
3324 3341
3324 3413
3324 4876
3573 3574
3573 3583
3573 3638
3573 3639
3573 3647
3573 3648
3573 3659
3307 3472
3307 3647
3307 3648
3323 3403
3323 3622
3323 4888
3360 3709
3348 3349
3348 3402
3348 3661
3348 3678
3348 3729
3347 4883
3337 3347
3337 3663
3673 3674
3673 3688
3673 3700
3673 3701
3312 3336
3312 3561
3312 3598
3312 3671
3312 3673
3312 3674
3312 3689
3312 3702
3317 3361
3317 3362
3317 3365
3317 3612
3317 3652
3317 4582
3423 3486
3423 3563
3423 3655
3315 3354
3315 3432
3315 3437
3315 3569
3315 3601
3315 3638
3315 3714
3315 3715
3315 3716
3357 3590
3357 3683
3357 3722
3357 3723
3310 3356
3359 3395
3359 3725
3359 3726
3359 3727
3312 3358
3312 3466
3312 3725
3320 3346
3320 3361
3320 3730
3320 4677
3352 3360
3352 4678
3352 4476
3475 4509
3579 4570
3329 3352
3329 3716
3367 3369
3367 3370
3368 4875
3368 3523
3516 3567
3516 3608
3516 3621
3379 3380
3379 4478
3565 3675
3401 3534
3401 3609
3400 3402
3400 3554
3400 3686
3347 3401
3345 3747
3345 3748
3456 3682
3406 3407
3406 3411
3406 3666
3406 3677
3406 3712
3293 3408
3293 3409
3293 3410
3293 3517
3293 3519
3293 3676
3468 3626
3342 3684
3502 3551
3468 3659
3417 3430
3417 3431
3416 3431
3319 3565
3319 3676
3307 3532
3317 3671
3528 3553
3353 3425
3353 3426
3423 3424
3423 3600
3423 3733
3608 3623
3337 3428
3337 3619
3373 3374
3373 3375
3373 3416
3373 3417
3373 3610
3373 3695
3355 3376
3355 3695
3296 3657
3529 3564
3314 3331
3485 3567
3355 3665
3527 3588
3444 3614
3386 3447
3386 3448
3386 3737
3300 3301
3300 3737
3545 3710
3454 3646
3322 3453
3322 4845
3311 3621
3404 3457
3404 3458
3404 3663
3461 3463
3461 3465
3462 3464
3309 3463
3309 3459
3309 3462
3329 3359
3306 3468
3306 3502
3306 3503
3306 3527
3306 3620
3303 3304
3303 3305
3303 3412
3303 3415
3303 3467
3303 3469
3303 3470
3303 3479
3303 3526
3303 3591
3303 3592
3303 3613
3303 3614
3307 3468
3307 3468
3321 3598
3329 3344
3318 3544
3377 3481
3377 3699
3316 3739
3310 3312
3310 3485
3310 3684
3436 3484
3436 3486
3436 3567
3353 3485
3353 3487
3353 3560
3353 3733
3486 3679
3293 3498
3545 3737
3490 3675
3490 3727
3496 3499
3496 3500
3499 3501
3499 3734
3500 3501
3500 3735
3319 3452
3319 3499
3319 3500
3319 3501
3319 3525
3319 3626
3329 3488
3329 3515
3329 3627
3493 3494
3493 3497
3493 3495
3493 3497
3494 3495
3494 3497
3414 3467
3467 3550
3696 3732
3296 3505
3296 3616
3507 3512
3509 3512
3509 3513
3509 3563
3509 3738
3510 3511
3510 3560
3510 3564
3508 3511
3550 3551
3550 3700
3550 3701
3498 3742
3411 3520
3411 3584
3571 3739
3370 3623
3497 3524
3497 3637
3468 3665
3438 3467
3341 3434
3531 3703
3420 3670
3316 3482
3316 3703
3538 3746
3298 3537
3298 3741
3307 3724
3604 3653
3604 3667
3320 3562
3320 3717
3473 3556
3449 3489
3449 3617
3449 3618
3503 3514
3414 3514
3294 3692
1 3422
1 3675
3401 3651
3605 3609
3544 3708
3316 3521
3299 3329
3486 3512
3328 3351
3383 3542
3383 3744
3353 3511
3353 3564
3324 3434
3324 3512
3324 3563
3324 3655
3399 3418
3399 3675
3371 3436
3371 3485
3296 3577
3296 3731
3355 3588
3522 3601
3325 3589
3325 3657
3319 3343
3319 3343
3326 3577
3326 3578
3326 3718
3326 3731
3568 3576
3364 3559
3308 3330
3308 3389
3330 3654
3329 3612
2 3343
2 3625
3517 3585
3584 3726
1 3329
1 3329
3438 3569
3572 3575
3356 3439
3356 3624
3384 3468
3384 3615
3468 3662
3293 3312
3308 3597
3596 3693
3351 3471
3628 3719
3426 3738
3355 3570
3355 3571
3605 3660
3541 3611
3555 3603
3555 3606
3320 3709
3320 3736
3371 3427
3400 3555
3400 3661
3315 3431
3604 3669
3352 3548
3352 3582
3468 3662
3442 3468
3451 3591
3332 3506
3545 3649
3429 3705
3316 3467
3371 3455
3371 3732
3301 3345
3427 3523
3315 3398
3315 3583
3412 3497
3307 3419
3307 3498
3337 3599
3334 3741
3302 3630
3302 3722
3312 3321
3683 3722
3338 3635
3634 3721
1 3525
1 3636
3343 3355
3343 3656
3640 3678
3339 4628
3309 3644
3309 3722
3343 3344
3343 3344
3618 3669
3618 4885
3492 3651
3554 3650
3554 3663
3307 3352
3308 3539
3308 3581
3353 3564
3315 3396
3315 3397
3315 3639
3433 3572
3405 3686
3343 3415
3347 3609
3347 3682
3347 3743
3592 3613
3349 3456
3349 3651
3437 3526
3410 3518
3541 3745
3322 3745
3611 3649
3532 3702
3351 3421
3302 3337
3350 3351
3350 3351
3399 3491
3399 3553
3399 3565
3399 3699
3411 3418
3319 3410
3347 3641
3487 3680
3487 3681
3404 3661
3356 3633
3356 3685
3356 3722
3413 3484
3683 3723
3401 3658
3351 3698
3390 3691
3690 3692
3308 3552
3308 3691
3313 3597
3391 3695
3431 3432
3431 3694
3504 3697
3312 3331
3312 3696
3321 3689
3480 3675
3350 3514
3350 3514
3351 3670
3530 3536
3330 3619
3330 3704
3533 3549
3533 3707
3706 3708
3301 3556
3301 3707
3346 3394
3346 3607
3449 3476
3712 3713
3410 3711
3327 3711
3355 3365
3535 3542
3566 3599
3566 3602
3635 3722
3332 3356
3332 3631
3332 3633
3332 3645
3332 3683
3332 3721
3356 3685
3317 3540
3358 3359
3358 3585
3358 3594
3358 3664
3358 3491
3358 3595
3687 3729
3347 3728
3568 3576
3504 3621
3426 3486
3445 3446
3445 3489
3445 3720
3511 3600
3483 3522
3327 3382
3327 3443
3538 3629
3328 3515
3667 3668
3403 3748
3403 3747
3778 3932
3762 3767
3762 3793
3762 3793
3773 3804
3773 3936
3754 3755
3754 3774
3753 3784
3753 3778
3756 3792
3756 3930
3756 3931
3759 3792
3759 3883
3760 3784
3760 3788
3750 3751
3750 3764
3750 3788
3750 3926
3750 3932
3750 3935
3765 3766
3765 3789
3765 3946
3765 4199
3763 3801
3763 3838
3763 3938
3750 3838
3838 3943
483 692
483 3770
113 3769
113 3782
3772 3783
3772 3825
3772 3847
3752 3795
3753 3797
3753 3863
3776 3777
3776 3792
3776 3809
3776 3921
3776 3922
3775 3797
3775 3797
3749 3755
3749 3943
3781 3816
3781 3851
3781 3855
3781 3871
3781 3893
3781 3790
726 3779
726 3780
726 3785
726 3798
726 3801
726 3870
3770 3870
3771 3784
3771 3785
3771 3836
3771 3841
3771 3842
3771 3868
3771 3879
3754 3761
3754 3783
3754 3785
3754 3797
3781 3783
3781 3784
3781 3787
3781 3798
3781 3905
3781 4199
3787 3857
3787 3886
3787 3891
3787 3896
3785 3786
3785 3789
3761 3762
3761 3895
3761 3935
3763 3787
3763 3895
3780 3937
3757 3758
3757 3775
3757 3791
3757 3822
3757 3922
3750 3751
3750 3794
3750 3904
3793 3795
3773 3794
3773 3802
3797 3799
3797 3854
3797 3876
3797 3877
3797 3887
3797 3916
3797 3934
3774 3776
3774 3777
3774 3784
3774 3796
3774 3800
3774 3937
3781 3785
3781 3939
3781 3940
3781 3941
3766 3781
3766 3918
3795 3803
3795 3804
3795 3928
3795 3936
3795 3944
3802 3938
3802 4199
3752 3802
3752 3928
3863 3864
3807 3838
3806 3844
3806 3901
3875 3894
3775 3857
3775 3921
3775 3930
3775 3945
3811 3821
3810 3831
3810 3864
3813 3843
3813 3898
3812 3838
3831 3908
3819 3821
3819 3849
3779 3817
3816 3889
3816 3890
3810 3815
3792 3823
3792 3881
3822 3893
3822 3912
3822 3913
3825 3842
3771 3824
3771 3903
3863 3908
3863 3918
3828 3856
3828 3944
3830 3837
3830 3895
3830 3900
3829 3832
3829 3895
3811 3814
3811 3849
3830 3833
3832 3919
3835 3850
3835 3855
3835 3863
3835 3879
3783 3907
3783 3918
3829 3895
3766 3767
3766 3768
3766 3806
3766 3813
3766 3839
3766 3840
3766 3844
3766 3862
3766 3906
3838 3923
3838 3843
3783 3824
3812 3840
3812 3844
3807 3838
3807 3843
3872 3873
3771 3846
3771 3859
3895 3920
3895 3927
3815 3831
3834 3851
3779 3850
3779 3863
3852 3856
3852 3861
3796 3888
3779 3834
3779 3912
3827 3853
3786 3809
3847 3858
3847 3868
3902 3903
3853 3914
3838 3901
3774 3805
3774 3826
3774 3834
3774 3851
3774 3864
3774 3907
3805 3811
3805 3863
3866 3904
3865 3904
3865 3906
3872 3895
3783 3859
3781 3782
3781 3869
3779 3915
3779 3916
3845 3867
3845 3895
3845 3911
3845 3874
3845 3929
3873 3895
3873 3903
3808 3878
3808 3892
3796 3877
3796 3876
3796 3916
3875 3904
3783 3834
3818 3925
3822 3882
3822 3916
3881 3917
3758 3910
3885 3904
3884 3904
3884 3914
3796 3888
3796 3890
3854 3887
3854 3909
3817 3887
3817 3909
3786 3902
3875 3938
3779 3823
3779 3915
3808 3904
3788 3789
3788 3829
3788 3830
3788 3837
3788 3848
3788 3867
3788 3872
3788 3874
3788 3900
3788 3919
3788 3920
3788 3927
3786 3820
3898 3923
3898 3933
3812 3897
3812 3918
3829 3895
3829 3899
3807 3862
3807 3925
3860 3891
3860 3903
3825 3860
3825 3874
3825 3902
3825 3927
3793 3865
3793 3866
3793 3878
3793 3884
3793 3885
3793 3894
3793 3905
3785 3904
3785 4199
3838 3866
3836 3863
3814 3826
3814 3925
3888 3890
3883 3917
3872 3918
3823 3855
3823 3922
3861 3885
3871 3893
3796 3871
3796 3877
3796 3881
3796 3917
3882 3910
3882 3916
3801 3826
3801 3836
3801 3898
3801 3911
3801 3933
3833 3895
3848 3895
3775 3809
3775 3792
3775 3913
3839 3897
3839 3924
3880 3901
3880 3908
3848 3895
3848 3903
3802 3804
3757 3809
3757 3931
3757 3930
3749 3762
3897 3918
3762 3788
3752 3802
3790 3797
3766 3803
3766 3892
3768 3778
3768 3942
3802 3827
3956 3978
3956 4012
3950 3998
3949 3975
3975 3980
3983 4000
3966 3995
3966 4062
3966 4064
3969 4055
3969 4056
3948 3957
3948 3963
3956 3965
3956 3979
3956 3989
3956 4008
3956 4031
3959 3999
3959 4016
3958 3979
3958 3997
3958 4008
3958 4011
3962 4023
3962 4034
3962 4045
3960 3961
3960 4004
3960 4047
3956 3999
3957 3964
3957 4002
3954 3985
3954 4041
3954 4063
3954 4064
3955 3967
3955 3968
3955 3971
3971 3972
3969 3970
3969 4029
3969 4072
3970 3992
3970 4005
3947 3984
3947 3995
3950 3951
3950 3994
3948 3979
3957 3959
3957 3976
3957 3977
3957 3978
3957 3980
3957 4020
3957 4027
3951 3979
3983 4038
518 4035
518 4067
3953 3981
3953 4000
3973 3985
3966 3984
3966 3986
3966 3987
3985 4078
426 3985
4006 4048
3991 4025
3990 4003
3972 4012
3972 4013
3972 4021
3975 4068
3954 3973
3954 4065
3997 4016
3959 3996
3949 4050
3958 3963
3953 3983
3953 4001
3953 4020
3953 4029
4000 4030
3965 4020
3965 4047
3991 4034
3962 4036
3972 4028
3988 4007
4006 4049
4006 4056
3957 3959
4018 4037
4018 4046
4018 4079
4036 4047
3959 4017
3948 3992
3948 4028
4029 4038
4025 4033
4025 4058
3958 3996
4009 4037
3979 4000
3979 4002
3979 4019
2717 4034
2717 3960
2939 4026
3990 4015
4024 4033
4005 4012
4005 4029
3971 4000
3971 4014
3971 4028
3971 4031
3971 4032
3971 4080
4001 4031
4001 4039
4001 4041
3957 4029
3957 4030
3993 4015
3993 4026
3993 4034
3960 4003
3960 4022
3960 4033
3960 4057
2342 3982
4004 4010
4004 4038
4004 4039
4004 4080
4009 4018
4009 4038
3981 4014
3981 4036
3981 4037
3981 4080
4030 4036
3952 4041
3952 4049
3966 4030
3966 4040
3966 4042
3966 4043
3966 4066
3961 4044
3961 4046
4009 4045
3962 4002
3962 4010
3962 4080
3988 4049
4007 4040
4007 4048
3998 4053
4052 4053
4051 4069
4051 4070
4050 4051
3955 4054
3955 4007
4034 4058
4015 4057
4060 4061
4059 4063
4059 4065
4059 4071
4059 4062
3954 4061
3966 4060
3954 3966
3995 4060
3995 4066
4041 4065
3982 4068
3994 4067
4052 4105
4052 4105
3971 4073
4072 4074
4072 4075
4072 4076
3974 3986
3974 4077
4009 4080
4029 4036
4029 4038
4029 4047
4029 4079
4082 4083
4082 4086
4082 4090
4082 4099
4081 4084
4081 4085
4081 4090
4081 4162
4166 4172
4166 4218
4166 4267
4089 4299
4088 4187
4088 4188
4084 4086
4084 4121
4084 4160
4084 4217
4091 4116
4091 4189
4091 4208
4102 4285
4152 4279
4136 4200
4136 4222
4136 4245
4136 4246
4147 4281
4147 4282
4147 4283
2556 4084
2556 4110
2556 4172
4101 4241
4101 4244
4101 4260
4100 4206
4100 4227
4100 4317
4093 4151
4093 4305
4093 4306
4104 4152
4104 4225
4069 4070
4069 4095
4069 4106
4096 4105
4096 4107
4096 4109
4096 4144
4096 4147
4106 4184
4106 4108
4099 4121
4099 4138
4099 4156
4099 4243
481 4112
481 4173
481 4201
481 4221
481 4268
129 4111
129 4213
475 4114
4113 4148
4113 4149
4113 4320
4172 4187
4172 4211
4118 4239
4118 4240
4117 4124
4117 4154
4117 4159
4120 4163
4120 4285
4120 4458
108 522
108 4119
108 4164
108 4179
4090 4110
4090 4143
4090 4150
4090 4202
4118 4122
4118 4123
4128 4252
4125 4126
4125 4127
4125 4186
4125 4201
4125 4221
4125 4317
2440 2562
2440 4323
2440 4324
4130 4196
4133 4156
4132 4211
4135 4138
4135 4158
4097 4222
4138 4157
4138 4238
4138 4259
4110 4134
4110 4137
4110 4154
4110 4162
4110 4224
4151 4175
4121 4140
4121 4141
4121 4142
4106 4146
526 4146
4144 4145
4098 4106
4098 4151
4098 4171
4098 4204
2440 4114
2440 4325
4114 4173
4114 4326
4121 4202
4102 4139
4102 4147
4102 4152
4102 4209
4102 4212
4102 4215
4094 4103
4094 4151
4094 4163
4094 4165
4154 4253
4118 4138
4118 4153
4118 4156
4118 4159
4118 4193
4156 4242
4156 4249
4156 4258
4110 4132
4110 4154
4110 4155
4110 4194
4137 4223
4137 4228
4137 4229
4137 4233
4134 4162
4134 4230
4134 4231
4134 4232
4118 4154
4090 4206
4090 4217
4090 4269
4162 4251
4086 4138
4086 4158
4086 4161
4086 4172
4086 4193
4119 4152
4119 4164
4119 4216
570 4120
570 4163
570 4174
570 4179
570 4207
570 4219
4152 4288
4152 4289
4087 4181
4087 4188
4087 4208
4087 4214
4168 4169
4168 4196
4147 4170
4147 4204
2621 4087
2621 4099
2621 4115
2621 4162
2621 4193
2621 4194
2621 4218
474 4111
474 4149
4164 4207
4164 4317
4139 4176
4139 4280
842 4120
842 4164
842 4177
842 4178
4182 4187
4182 4196
4182 4290
4166 4210
4166 4295
4166 4296
4166 4297
4166 4298
4180 4183
4180 4226
4107 4185
4128 4300
4128 4317
4089 4115
4089 4180
4089 4188
4089 4196
4089 4203
4089 4211
4089 4218
4089 4166
4089 4187
4089 4284
4092 4214
4154 4162
4154 4172
4154 4190
4154 4191
4154 4192
4154 4234
4156 4172
4156 4218
4196 4254
4196 4257
4196 4266
4131 4167
4131 4180
4131 4187
4131 4195
3763 3785
3763 3803
3763 3905
3763 4197
3763 4198
3763 4202
3763 4206
3763 4227
4111 4128
4111 4221
4121 4150
4121 4199
4121 4304
4187 4235
4187 4236
4187 4256
4187 4261
4187 4262
4147 4171
4147 4286
4147 4287
4101 4160
4101 4199
4101 4207
4101 4217
4164 4174
4164 4206
4164 4213
4092 4166
4151 4308
4151 4309
4151 4310
4151 4311
4151 4312
4181 4313
4181 4314
4181 4315
4181 4316
564 4115
564 4133
564 4187
4151 4305
4112 4207
4166 4189
4166 4264
4151 4216
4163 4215
4090 4160
4090 4206
4087 4172
4087 4187
4087 4194
4087 4205
4087 4219
4087 4301
2543 4164
2543 4218
4111 4128
4111 4201
4111 4220
4111 4222
4111 4317
4097 4136
4097 4221
4138 4270
4138 4271
4138 4272
4138 4273
4138 4274
4138 4275
4101 4199
4110 4237
4097 4247
4097 4248
4214 4255
4214 4263
2621 4250
4094 4276
4094 4277
4094 4278
4094 4291
4188 4321
4188 4322
4093 4119
4279 4292
4279 4293
4279 4294
4088 4318
4088 4319
4218 4302
4218 4303
4102 4212
4102 4307
2556 2621
2556 4101
2556 4128
2556 4174
2556 4186
2556 4221
4342 4375
4342 4387
4342 4392
4342 4410
4331 4346
4331 4377
4328 4329
4328 4407
4335 4336
4335 4340
4335 4347
4335 4381
4335 4385
4335 4391
4335 4398
4335 4400
4335 4402
4335 4413
4340 4355
4340 4357
4340 4359
4340 4383
4340 4391
4340 4395
4332 4334
4332 4347
4332 4381
4332 4398
4332 4402
4332 4342
4332 4345
4332 4346
4332 4347
4332 4361
4332 4373
4332 4381
4332 4395
4386 4402
4332 4333
4332 4339
4332 4357
4332 4395
4332 4400
321 4374
321 4376
4327 4336
4327 4338
4327 4345
4327 4365
4327 4368
4327 4375
4327 4404
4327 4411
4345 4361
4345 4373
4345 4399
4352 4384
4352 4385
4352 4401
4352 4408
4352 4413
4336 4342
4336 4343
4336 4346
4336 4347
4336 4361
4336 4365
4336 4368
4336 4373
4336 4381
4336 4395
4336 4406
4336 4409
4336 4419
4328 4336
4328 4345
4328 4357
4328 4360
4328 4377
4328 4381
4328 4407
4328 4417
4328 4418
4332 4335
4332 4336
4332 4345
4332 4381
4332 4398
4332 4402
4350 4359
4350 4416
4344 4363
4344 4374
4344 4376
4344 4381
4344 4384
4344 4392
4344 4398
4344 4401
4344 4408
4344 4413
4377 4396
4377 4412
4404 4410
4333 4391
4333 4403
4333 4340
4333 4346
4333 4356
4333 4377
4333 4407
4333 4417
4359 4364
4359 4416
4333 4351
4333 4358
4333 4364
4333 4371
4333 4372
4333 4380
4333 4383
4333 4388
4333 4416
4346 4409
4336 4343
4336 4345
4336 4372
4336 4373
4336 4395
4336 4405
4336 4406
4336 4418
4336 4419
253 4363
4352 4362
4352 4369
4352 4370
4358 4359
4358 4371
4358 4372
4358 4373
4358 4383
4342 4345
4342 4368
4342 4372
4342 4373
4342 4399
4366 4368
4366 4374
4366 4376
4366 4392
4366 4404
4342 4345
4342 4365
4342 4367
4342 4375
4342 4404
4342 4411
4363 4374
4363 4392
4363 4374
4363 4392
4359 4364
4359 4372
4359 4380
4359 4397
4359 4416
4359 4361
4359 4364
4359 4365
4359 4371
4359 4373
4359 4391
4359 4395
4336 4343
4336 4345
4336 4361
4336 4364
4336 4365
4336 4372
4336 4395
4336 4396
4336 4405
4336 4412
4341 4352
4341 4367
4341 4369
4341 4370
4341 4376
4341 4384
4341 4392
4327 4342
4327 4368
4327 4381
4341 4352
4341 4367
4341 4374
4341 4384
4341 4392
4329 4346
4329 4353
4329 4357
4359 4371
4359 4379
4359 4416
4332 4335
4332 4336
4332 4345
4332 4346
4332 4347
4332 4352
4332 4375
4332 4398
4332 4402
4332 4408
4397 4399
4333 4359
4333 4364
4333 4391
4333 4395
4333 4403
4344 4352
4344 4374
4344 4376
4344 4385
4344 4386
4344 4392
4344 4401
4344 4402
4344 4408
4344 4413
4332 4344
4332 4384
4332 4413
4337 4384
4337 4402
4337 4415
4332 4333
4332 4355
4332 4372
4332 4383
4332 4389
4332 4390
4332 4395
4332 4396
4327 4352
4327 4367
4327 4369
4327 4370
4327 4374
4327 4376
4327 4384
4327 4401
4327 4410
4333 4336
4333 4340
4333 4345
4333 4361
4333 4372
4333 4373
4333 4383
4333 4391
4333 4393
4333 4396
4353 4373
4353 4391
4353 4394
4353 4395
4371 4382
4332 4335
4332 4347
4332 4352
4332 4381
4332 4402
4343 4365
4343 4382
4332 4340
4330 4344
4330 4352
4330 4384
4330 4392
4330 4402
4330 4408
4330 4413
4332 4335
4332 4337
4332 4347
4332 4349
4332 4381
4332 4384
4332 4386
4332 4398
4332 4401
4355 4383
4342 4354
4342 4367
4342 4368
4342 4410
4342 4414
4361 4373
4345 4361
4331 4346
4331 4357
4344 4352
4344 4381
4344 4384
4344 4401
4344 4413
4345 4360
4327 4354
4327 4392
4327 4404
4342 4368
4353 4373
4332 4344
4332 4352
4332 4384
4332 4385
4332 4401
4332 4408
263 4378
263 4386
4351 4358
4351 4359
4351 4371
4351 4380
4346 4348
4346 4357
4346 4361
4345 4361
4420 4435
4420 4436
4420 4442
4424 4432
354 4430
4429 4443
309 4433
4422 4435
290 4421
290 4432
290 4434
290 4436
4421 4435
4421 4439
4421 4442
1119 4439
1119 4441
4436 4437
4436 4438
4436 4441
4437 4439
4437 4440
4437 4442
4421 4436
4421 4441
4421 4443
4427 4442
830 4458
830 4462
22 2562
22 4448
23 84
23 91
23 475
23 493
23 4461
49 85
49 521
49 2562
49 4445
49 4447
49 4458
4451 4452
4451 4458
4453 4456
4453 4458
843 4458
514 521
514 569
514 829
514 837
514 856
514 2440
514 4119
514 4444
514 4448
514 4454
514 4455
514 4457
514 4459
514 4463
514 4464
514 4465
514 4466
99 4458
24 84
24 132
24 2562
24 4446
24 4460
826 4444
826 4449
826 4450
4485 4553
4485 4613
4507 4526
4507 4602
4507 4626
4507 4796
4639 4676
4639 4766
4475 4590
4474 4508
4474 4605
4474 4617
4474 4646
4473 4476
4473 4652
4473 4867
4471 4559
3362 4474
3362 4477
3362 4628
3362 4662
3362 4678
4476 4574
4476 4832
3378 4479
3378 4485
4478 4655
4481 4485
4480 4655
4483 4590
4483 4772
4482 4501
4482 4876
4540 4688
4467 4468
4467 4478
4467 4480
4467 4496
4467 4530
4467 4601
4487 4533
4487 4550
4486 4588
4486 4703
4529 4562
4509 4610
4500 4648
2423 4492
2423 4580
2423 4584
2423 4669
4491 4543
4491 4582
4510 4616
4510 4660
4510 4797
4596 4702
4553 4659
4485 4767
4547 4606
4547 4798
4499 4500
4498 4674
4490 4498
4490 4501
4490 4764
4490 4765
4483 4500
4502 4561
4502 4617
4522 4589
4506 4600
4505 4546
4505 4660
2241 4469
2241 4535
4473 4542
4473 4575
4473 4636
3363 4489
3363 4664
4493 4626
4643 4702
4518 4607
4518 4613
4518 4696
4514 4581
4514 4598
4585 4669
4517 4554
4517 4614
4516 4661
4512 4691
4512 4778
4512 4782
4520 4597
4519 4521
4519 4592
4519 4620
4519 4699
4519 4800
4519 4801
4519 4802
4504 4554
4504 4620
4504 4768
4545 4654
4579 4659
4686 4759
4469 4803
4469 4804
4527 4545
4527 4676
4488 4767
4485 4687
4542 4611
4542 4650
4596 4651
4596 4826
4486 4547
4535 4541
4535 4618
4535 4673
4535 4722
2248 4507
2248 4534
2248 4631
4567 4686
4567 4861
4567 4866
4597 4771
4597 4805
4597 4806
4597 4807
4763 4808
4763 4809
4484 4588
4484 4789
4534 4651
4534 4816
4508 4531
4508 4675
4508 4799
4492 4662
4523 4528
4506 4700
4497 4533
4497 4606
4549 4638
4548 4576
4548 4648
4486 4624
4584 4586
2409 4627
2409 4652
2409 4719
4467 4495
4467 4568
4516 4522
4516 4666
4516 4701
4579 4592
4648 4670
4561 4643
4622 4677
4503 4557
4503 4811
4488 4612
4488 4622
4488 4679
2423 4684
4565 4602
4565 4813
4565 4814
4565 4815
4564 4602
4564 4640
4567 4763
4537 4566
4537 4667
4553 4679
4637 4651
3364 4571
3364 4614
3364 4621
3364 4761
4570 4628
2249 4572
2249 4574
2249 4652
4477 4573
4477 4594
4477 4595
4477 4656
4508 4820
4621 4661
4524 4544
4524 4555
4524 4598
4513 4582
4513 4659
3352 4492
3352 4581
4622 4623
4491 4551
4515 4587
4515 4589
4551 4589
4487 4540
4487 4694
4487 4788
4504 4585
4504 4586
4471 4482
4471 4657
4665 4723
4520 4555
4520 4635
4494 4532
4519 4538
4513 4579
4505 4624
4485 4654
4469 4564
4469 4565
4469 4611
4469 4641
4469 4820
4473 4604
4473 4619
4497 4547
4497 4703
4512 4608
4512 4630
4607 4644
4607 4655
4607 4690
4686 4773
4489 4636
4531 4593
4531 4602
4468 4512
4516 4570
4643 4654
4493 4683
4493 4791
4473 4503
4605 4625
4605 4637
4520 4522
4520 4776
4570 4577
4570 4633
4560 4562
4560 4583
4550 4600
4469 4510
4469 4786
4552 4649
4552 4733
3643 4476
3643 4571
3643 4662
4607 4672
2241 4536
2409 4743
4621 4664
2355 4683
4508 4610
4569 4619
4569 4642
4470 4689
4565 4641
4565 4821
4602 4640
4602 4645
4511 4557
4511 4615
4511 4644
4608 4643
4608 4652
4641 4668
4473 4675
4490 4549
4490 4556
2409 4627
2409 4739
2409 4750
2409 4753
4532 4541
4532 4569
4532 4652
4532 4723
4532 4826
2249 4474
2249 4552
2249 4573
2249 4644
2249 4651
4629 4654
4523 4601
4523 4615
4523 4653
3336 4479
3336 4481
3336 4608
3336 4656
4574 4655
4590 4687
4660 4700
4495 4524
4495 4581
2387 4493
2387 4506
2387 4658
2387 4688
4517 4577
4517 4662
4476 4543
4476 4628
4476 4661
4509 4633
4509 4663
4567 4686
4567 4779
4491 4515
4556 4689
4556 4827
4472 4674
4630 4676
4534 4823
4499 4647
4499 4671
4542 4646
4542 4799
4470 4528
4470 4672
3360 4560
3360 4678
3360 4684
3361 4476
3361 4677
4562 4568
4771 4825
4616 4634
4616 4682
4563 4677
4686 4771
4525 4537
4525 4609
4525 4667
4525 4685
4530 4657
4484 4660
4639 4670
4639 4690
4639 4691
4608 4689
4518 4689
4518 4781
4588 4692
4588 4695
2414 4693
2414 4694
2414 4927
4699 4818
4520 4697
4520 4698
4546 4558
4546 4658
4494 4511
4487 4606
4487 4793
4711 4746
4714 4745
4716 4719
4713 4716
4728 4729
4728 4733
4728 4746
4728 4752
4728 4729
4714 4724
4704 4735
4727 4728
4707 4732
4705 4710
4727 4751
4706 4707
4720 4728
4731 4737
4552 4706
4552 4732
4717 4736
4739 4751
4739 4755
4534 4578
4534 4723
4591 4651
4591 4722
4710 4735
4727 4754
4749 4756
4749 4784
4712 4715
4712 4725
4712 4736
4712 4774
4712 4775
4708 4709
4708 4712
4708 4717
4708 4748
4708 4709
4748 4751
4718 4738
4713 4719
4627 4708
4627 4740
4627 4745
4627 4757
4738 4744
4711 4724
4720 4727
4718 4739
4731 4734
4649 4721
4649 4737
4649 4742
4733 4747
4742 4747
4739 4741
2209 4632
4734 4751
4705 4733
4704 4708
4740 4741
4728 4730
2409 4726
2409 4754
2409 4784
4649 4751
4715 4721
4715 4730
4715 4744
4715 4750
2409 4649
2409 4754
4725 4749
4725 4753
4721 4758
4721 4812
3334 4525
4570 4760
4570 4777
4539 4566
4496 4529
4496 4769
4522 4762
4767 4770
4538 4681
4538 4685
4667 4780
4779 4824
4518 4827
4726 4749
4726 4783
4626 4785
4588 4792
4616 4790
4788 4793
4788 4795
4703 4792
4703 4794
4787 4793
4497 4822
4542 4675
4541 4817
4575 4599
4575 4602
4575 4819
4673 4810
4532 4651
4532 4680
4670 4782
4866 4884
4866 4897
4866 4874
3322 4831
3322 4845
3331 4830
3331 4899
4477 4837
4477 4841
4477 4889
4896 4898
4847 4916
4847 4923
4835 4837
4835 4849
4835 4884
4835 4897
2312 4832
2312 4836
4881 4890
4881 4904
4903 4904
4841 4842
4841 4843
4841 4867
4832 4840
4832 4844
4832 4887
3454 4830
4834 4848
4834 4878
4846 4847
4846 4873
4846 4883
4846 4900
2396 4836
3381 3385
3381 4908
3381 4909
3381 4922
4855 4892
4860 4882
2265 4853
2265 4897
980 4851
4859 4871
2365 4856
2365 4857
2365 4860
4852 4858
4852 4859
3295 4537
3295 4867
3543 4863
3543 4878
4862 4877
3318 4879
3318 4887
3337 4923
4537 4828
4537 4829
4537 4867
4474 4840
4474 4861
4474 4866
4474 4868
4474 4869
4474 4925
4880 4913
4856 4893
4873 4890
4873 4905
4873 4917
4848 4872
4848 4891
4829 4884
4829 4885
3341 3369
3341 4876
3333 3342
3333 4483
3333 4875
3333 4883
4863 4885
3372 3387
3372 4847
3372 4862
3372 4879
3372 4881
3372 4914
3372 4920
3372 4924
4864 4878
4864 4902
4870 4900
4870 4915
4838 4878
138 4852
3348 4848
3348 4876
4828 4836
4828 4874
3642 3649
3642 4874
3642 4877
3642 4886
4885 4887
4885 4888
4841 4864
4841 4886
4841 4889
3345 4886
3345 4889
3345 4900
4832 4887
4832 4888
4838 4872
4873 4893
4851 4893
68 4871
68 4891
68 4892
68 4894
1030 4893
4833 4926
2214 4828
2214 4836
2214 4854
4833 4899
4833 4926
4831 4898
4831 4925
4848 4880
4848 4888
4902 4907
4902 4909
4902 4921
1033 4879
1033 4901
4839 4905
4838 4839
4872 4903
4907 4908
4901 4906
4850 4906
4850 4919
4850 4901
4914 4924
4870 4918
4878 4910
4872 4922
4913 4924
4901 4911
4850 4917
4834 4865
4834 4912
4878 4910
4878 4918
4867 4895
4867 4899
4896 4898
4695 4928
776 4927
776 4929
4928 4938
3 4931
3 4937
4934 4935
4934 4939
782 4932
782 4933
4932 4937
4930 4935
4929 4936
4933 4940
819 4939
