0	7
0	18
0	35
1	2
1	3
1	5
1	7
1	11
1	15
1	19
1	20
2	3
2	7
2	10
2	15
2	19
2	22
2	23
2	59
4	87
4	117
4	163
4	305
4	368
4	446
4	607
4	656
5	7
5	27
5	47
6	8
6	15
6	17
6	25
7	8
7	10
7	16
7	17
7	18
7	19
7	20
7	22
7	25
7	26
7	29
7	31
7	32
7	33
7	36
7	38
7	39
7	41
7	43
7	44
7	45
8	15
8	19
8	31
8	33
8	48
8	54
8	57
8	58
8	87
8	116
9	22
11	49
12	15
12	27
12	32
12	40
12	63
12	70
12	77
12	94
12	95
12	126
12	162
12	165
12	189
12	195
12	206
12	229
13	19
13	46
13	54
13	55
13	62
13	87
13	97
13	109
14	19
15	59
17	33
19	23
19	24
19	32
19	65
19	78
20	32
20	36
20	272
21	35
21	39
21	66
21	69
21	87
21	97
21	103
21	122
21	157
21	206
21	305
21	407
21	535
21	554
21	616
22	32
22	36
23	31
23	44
24	52
24	54
24	74
24	87
24	89
24	99
24	111
24	123
24	145
24	149
24	150
25	30
25	51
28	49
28	63
30	86
31	44
34	42
34	97
34	105
34	147
34	194
34	211
34	256
34	272
37	198
38	49
41	49
44	49
44	68
46	49
46	53
46	59
46	66
46	81
46	90
46	96
48	65
48	87
48	89
48	120
48	160
48	189
48	192
49	75
49	81
49	85
49	86
50	201
50	206
50	211
50	213
50	229
50	230
50	252
50	310
50	341
50	414
50	419
50	481
50	495
52	58
52	104
52	113
52	116
52	122
52	124
52	128
52	165
52	166
53	59
53	68
54	58
54	60
54	87
54	104
54	134
54	136
54	139
54	140
55	73
55	90
55	99
55	100
56	58
56	60
56	92
56	93
56	97
56	103
56	107
56	113
56	120
56	121
56	122
56	124
56	142
56	155
56	157
56	159
56	162
56	169
56	170
56	175
56	178
56	180
57	94
57	103
57	104
57	124
57	160
58	62
58	73
58	92
58	104
58	105
58	113
58	122
58	124
58	137
58	144
58	162
58	169
59	90
60	120
60	150
60	162
61	113
62	77
62	134
62	150
62	155
62	210
64	203
64	395
66	82
67	203
67	265
67	300
69	98
69	109
69	201
69	215
69	257
71	163
71	229
71	495
72	97
72	307
72	430
73	120
73	125
73	129
73	136
73	171
73	186
74	94
74	111
75	80
76	559
77	95
77	165
77	228
77	229
79	80
83	89
83	195
84	151
87	88
87	89
87	95
87	106
87	110
87	114
87	115
87	117
87	120
89	107
89	161
89	169
90	414
91	97
92	122
92	141
94	117
95	229
97	103
97	104
97	107
97	108
97	117
97	122
97	136
97	137
97	162
97	169
97	194
101	108
101	159
102	194
103	113
103	122
103	155
103	161
103	166
103	169
103	170
104	117
104	122
104	127
104	168
105	177
105	188
107	108
107	113
107	120
107	121
107	140
107	157
107	170
107	182
107	188
108	120
108	121
108	122
108	182
108	188
108	211
108	213
108	223
108	229
109	120
109	122
109	129
109	169
109	222
109	305
109	327
110	114
110	134
112	325
112	412
112	430
112	478
112	514
112	545
112	550
112	561
112	569
112	633
112	636
112	665
112	689
112	706
112	708
112	714
112	737
113	120
113	170
113	175
114	122
114	127
117	122
117	169
117	177
117	211
117	297
117	446
117	470
117	605
118	222
118	237
119	158
119	258
119	310
119	316
119	349
119	363
120	125
120	183
120	184
120	185
121	122
122	123
122	124
122	162
122	168
122	170
122	171
122	173
123	124
123	145
123	167
127	129
127	142
127	161
127	169
127	170
127	190
127	194
127	204
128	177
129	130
129	169
129	196
129	223
129	228
129	232
129	236
129	276
129	277
131	203
131	272
131	360
131	384
131	391
131	398
131	409
131	415
131	441
131	447
131	452
131	454
131	455
131	460
131	481
131	487
131	503
131	505
131	522
131	535
131	559
131	561
131	607
131	616
132	142
132	169
132	186
132	204
132	223
132	238
132	239
132	258
133	169
133	246
133	288
133	330
133	350
135	689
135	821
135	831
135	833
135	854
138	230
138	238
138	323
138	430
138	436
138	446
138	452
138	454
138	455
138	457
139	229
139	327
140	155
140	219
142	162
142	186
142	204
142	206
142	216
142	239
142	253
143	355
146	556
146	716
147	162
147	198
147	238
147	253
147	256
147	266
147	272
147	304
147	308
147	313
148	327
151	155
151	156
151	188
151	192
151	204
151	213
151	214
151	215
152	215
152	247
153	224
153	226
153	305
154	187
154	198
154	224
154	272
154	336
155	162
155	188
155	195
155	207
155	209
156	214
157	169
157	188
157	203
157	272
157	321
159	165
159	169
160	165
160	229
160	326
160	327
161	172
161	194
161	233
162	204
163	229
163	373
163	379
163	380
163	398
163	465
163	495
164	169
164	336
164	350
165	169
165	174
165	177
165	193
165	214
165	223
165	229
165	247
167	216
169	190
169	191
169	192
169	194
169	198
169	201
169	202
169	203
169	204
169	208
169	211
169	213
169	215
169	225
169	232
169	243
169	246
169	257
169	258
169	259
169	262
169	263
169	270
169	271
169	272
169	274
169	276
169	277
169	279
169	284
169	288
169	297
169	298
169	302
169	305
169	307
169	316
169	321
169	323
169	329
169	333
169	334
169	340
169	348
169	355
169	359
169	360
169	362
169	363
169	364
169	366
172	246
172	262
172	266
172	317
173	177
173	197
174	199
174	204
174	239
176	388
177	229
178	272
178	288
178	333
179	236
179	263
179	264
180	255
181	355
184	185
185	251
186	223
188	206
188	213
188	220
189	192
189	235
190	217
190	265
190	272
190	321
190	398
190	401
192	235
192	270
192	279
192	332
192	343
192	350
192	355
192	358
195	232
195	236
195	244
196	212
196	246
196	272
196	284
196	316
196	334
198	203
198	205
198	211
198	224
198	232
198	238
198	246
198	255
198	258
198	259
198	265
198	268
198	272
198	280
198	284
198	298
198	315
198	316
198	324
198	327
198	336
198	350
200	204
201	272
202	221
203	208
203	229
203	230
203	236
203	238
203	254
203	265
203	272
203	305
203	342
203	346
203	355
203	360
203	363
203	369
203	373
203	379
203	386
203	387
203	391
203	392
203	398
203	403
203	406
203	409
203	415
203	420
203	430
203	432
203	436
203	446
203	447
203	451
203	452
203	454
203	455
203	457
203	460
203	470
203	487
203	490
203	507
203	525
203	530
203	535
203	542
203	554
203	559
203	564
204	208
204	213
204	214
204	236
204	253
204	257
204	258
204	259
204	260
204	261
204	262
205	305
205	379
206	220
206	229
208	336
208	354
209	232
209	256
209	257
209	259
209	260
210	227
210	236
211	222
211	223
211	253
211	259
211	265
211	280
211	292
211	293
211	327
211	331
211	372
211	398
211	485
212	215
212	220
213	226
214	229
215	223
215	232
215	236
215	247
215	257
215	258
215	269
215	274
215	285
217	238
217	535
217	709
218	229
218	246
218	266
218	281
219	285
222	232
222	259
222	265
222	284
222	302
222	322
222	352
222	367
222	403
222	452
223	232
223	236
223	239
223	246
223	253
223	257
223	259
223	266
223	272
223	284
224	226
224	280
224	340
225	226
225	296
225	340
227	236
227	272
227	323
227	360
227	385
227	414
227	415
227	473
228	231
229	280
229	300
229	327
229	335
229	357
229	385
229	392
229	394
229	395
229	409
229	432
229	447
229	459
229	482
229	485
229	502
229	508
229	512
230	429
230	430
230	454
230	491
231	277
231	334
232	236
232	246
232	247
232	256
232	258
232	259
232	265
232	269
232	272
232	283
232	284
232	303
233	260
234	322
235	318
235	343
235	350
236	246
236	259
236	278
236	289
236	310
236	323
236	388
236	403
236	454
236	463
236	490
236	507
237	610
238	241
238	254
238	265
238	272
238	316
238	319
238	336
238	348
238	371
238	419
238	430
238	435
239	259
240	340
240	341
240	343
240	356
241	244
241	430
242	395
242	542
242	607
242	616
242	670
242	714
243	316
244	432
244	501
245	265
245	385
246	257
246	259
246	272
246	274
246	279
246	287
246	289
248	249
248	250
248	256
248	266
249	250
253	262
253	290
254	360
254	613
254	629
254	637
254	664
254	750
255	259
255	271
255	280
255	289
255	324
256	257
256	266
256	272
256	287
256	289
256	308
257	269
257	274
257	284
258	259
258	268
258	269
258	274
258	280
258	288
258	289
258	316
258	318
258	335
258	349
258	350
258	376
258	398
258	409
259	262
259	265
259	274
259	285
259	289
259	298
259	314
259	316
260	273
261	549
262	295
265	284
265	288
265	298
265	316
265	321
265	336
265	398
265	404
265	463
267	269
270	284
270	290
270	318
270	336
270	350
271	272
272	279
272	284
272	289
272	299
272	307
272	309
272	316
272	321
272	346
272	347
272	360
272	363
272	369
272	379
272	380
272	384
272	385
272	387
272	388
272	391
272	395
272	397
272	398
272	407
272	414
272	415
272	425
272	427
272	428
272	429
272	430
272	433
272	440
272	441
272	446
272	447
272	448
272	457
272	459
272	461
272	462
272	464
272	470
272	474
272	482
272	486
272	491
272	493
272	495
272	498
272	504
272	518
272	526
272	527
272	535
272	537
272	546
272	547
272	549
272	551
272	559
272	567
272	569
272	585
272	616
272	690
272	729
272	735
272	749
272	750
272	769
272	833
273	283
274	297
274	298
275	298
275	316
276	313
277	300
277	334
279	284
279	288
279	336
279	371
280	281
280	289
280	291
280	298
280	316
280	327
280	341
282	371
283	363
283	415
283	430
284	321
284	336
284	343
284	350
284	357
284	363
284	369
284	378
284	380
284	385
284	398
286	375
288	318
288	321
288	346
288	363
288	371
288	394
288	398
289	298
289	316
289	349
291	467
294	635
296	415
296	447
296	481
296	517
297	332
298	299
298	316
298	335
298	346
298	349
298	363
298	394
298	409
300	302
300	321
300	385
301	361
302	343
305	355
305	431
306	314
306	388
307	308
307	316
307	357
309	499
310	321
310	407
310	414
310	435
310	484
311	312
311	541
313	318
313	336
313	350
313	355
313	357
313	374
315	360
315	416
315	459
315	535
315	567
315	589
316	343
316	350
316	363
317	361
317	418
318	350
318	355
318	363
320	430
320	545
320	549
320	556
320	603
321	349
321	371
321	385
321	398
321	415
321	420
321	427
321	437
321	438
321	444
323	385
323	452
323	461
325	708
325	771
325	801
326	394
326	416
326	417
326	419
327	372
328	403
329	407
329	420
330	355
332	337
333	343
333	369
335	409
335	489
336	346
336	350
336	355
336	358
336	382
336	409
338	430
338	593
339	404
340	341
342	491
342	609
342	708
343	350
343	355
344	651
344	800
344	803
344	806
345	481
346	355
347	430
347	457
347	559
347	612
349	364
350	355
350	381
351	605
351	638
352	367
352	379
353	379
353	447
353	503
353	510
355	372
355	398
355	405
357	385
357	477
360	425
360	430
360	432
360	473
361	395
361	509
361	512
361	538
362	423
363	369
363	398
363	423
363	436
365	547
366	398
366	624
367	376
367	415
367	430
367	470
367	483
367	484
367	498
367	501
367	507
368	407
368	447
368	547
368	549
369	387
369	392
369	424
369	430
369	446
369	465
369	481
369	493
369	569
369	585
369	654
370	398
370	424
370	716
371	385
371	398
371	411
371	432
371	436
371	440
371	446
371	469
374	382
374	512
374	559
375	640
375	674
376	395
376	414
376	446
376	501
376	524
377	414
378	411
378	440
379	390
379	415
379	430
379	434
379	437
379	455
379	458
379	461
379	483
379	503
379	505
379	508
379	510
379	517
379	533
379	537
379	539
379	544
379	546
379	547
379	556
379	567
379	597
379	608
379	610
379	614
379	625
379	656
379	662
380	385
380	398
380	411
380	424
380	446
380	567
380	605
380	616
383	461
383	490
383	509
384	433
384	448
384	454
384	457
384	503
384	553
384	562
385	404
385	409
385	411
385	416
385	429
385	436
385	446
385	470
385	489
385	495
385	505
386	412
386	535
387	430
387	466
387	569
388	398
388	479
389	551
389	566
389	672
390	391
390	535
390	618
391	392
391	409
391	430
391	446
391	454
391	455
391	457
391	465
391	497
391	538
392	398
392	407
392	414
392	415
392	416
392	425
392	427
392	448
392	450
392	457
392	463
392	469
392	481
392	495
392	497
392	507
392	522
392	535
393	502
395	410
395	415
395	430
395	452
395	473
395	489
395	495
395	496
396	533
397	407
397	424
397	449
397	470
397	498
397	505
397	530
397	535
397	548
397	552
397	585
397	618
398	415
398	416
398	420
398	426
398	427
398	430
398	433
398	435
398	437
398	441
398	447
398	452
398	457
398	461
398	463
398	464
398	465
398	468
398	486
398	489
398	493
398	503
398	505
398	508
398	518
398	525
398	530
398	535
398	537
398	554
398	559
398	561
398	565
398	567
398	575
398	612
398	620
399	416
400	430
400	525
402	544
402	549
402	605
402	626
402	682
402	684
402	696
403	415
403	427
403	428
403	430
403	447
403	448
403	503
403	507
403	510
403	517
403	519
404	430
404	439
405	424
405	535
405	537
405	549
405	569
405	635
405	690
405	696
406	430
406	481
406	483
406	541
406	597
407	416
407	433
407	446
407	452
407	470
407	481
407	512
407	535
407	547
407	605
407	624
408	418
409	429
409	432
409	447
409	448
409	450
409	452
409	462
409	470
409	489
409	502
409	512
409	567
410	445
410	528
412	508
412	549
412	662
412	686
412	740
412	771
413	556
413	670
414	417
414	427
414	432
414	441
414	461
414	468
414	484
414	507
415	420
415	427
415	429
415	430
415	441
415	447
415	448
415	450
415	452
415	454
415	455
415	458
415	460
415	462
415	463
415	465
415	481
415	483
415	485
415	487
415	498
415	502
415	503
415	505
415	509
415	510
415	511
415	516
415	517
415	522
415	535
415	538
415	550
415	561
415	583
415	584
416	425
416	427
417	468
417	480
417	481
417	555
417	557
417	611
418	432
418	729
418	744
419	425
420	430
420	446
420	448
420	452
420	457
420	460
420	463
420	528
420	537
421	524
422	438
422	503
422	549
422	554
422	586
422	653
424	470
424	535
424	547
424	565
424	605
424	608
424	636
424	701
424	769
425	432
425	452
425	457
425	467
425	480
425	490
426	470
426	535
426	567
427	444
427	467
429	430
429	437
429	441
429	444
429	449
430	439
430	443
430	446
430	447
430	451
430	454
430	455
430	459
430	461
430	462
430	465
430	471
430	480
430	486
430	487
430	491
430	492
430	497
430	498
430	500
430	503
430	523
430	525
430	528
430	531
430	535
430	537
430	539
430	543
430	545
430	546
430	547
430	549
430	557
430	560
430	574
430	585
430	590
430	592
430	595
430	603
430	605
430	606
430	612
430	618
430	621
430	671
430	689
430	690
430	696
430	706
430	735
430	737
430	749
430	756
430	761
430	762
430	764
430	780
430	784
430	798
430	802
430	810
430	819
430	821
430	822
430	825
430	833
430	836
430	839
430	842
430	852
430	854
430	867
430	868
432	436
432	442
432	446
432	448
432	452
432	454
432	457
432	462
432	484
432	495
432	514
432	516
432	527
432	543
432	601
433	436
433	446
433	447
433	464
433	470
433	489
433	495
433	502
433	505
433	522
433	537
433	542
433	559
434	654
434	678
435	463
436	460
436	464
436	476
436	489
436	495
437	464
437	535
437	567
438	572
438	659
438	708
438	709
438	722
439	547
440	464
440	465
441	459
441	491
441	505
441	584
442	803
443	529
444	491
444	573
444	641
446	452
446	453
446	455
446	457
446	462
446	464
446	465
446	481
446	482
446	501
446	502
446	503
446	505
446	510
446	516
446	526
447	448
447	452
447	455
447	457
447	458
447	463
447	481
447	496
447	497
447	502
447	503
447	505
447	510
447	522
447	528
447	542
447	547
447	561
447	567
447	573
447	583
447	592
447	596
448	450
448	454
448	455
448	457
448	459
448	462
448	482
448	495
448	498
448	503
448	518
448	520
448	525
448	535
448	538
448	560
448	577
449	535
450	457
450	465
450	470
450	512
450	538
450	559
450	560
450	561
451	578
451	658
451	667
451	686
451	761
451	784
451	785
451	792
451	819
451	824
451	838
451	849
451	850
451	857
451	862
451	871
451	885
452	455
452	462
452	474
452	488
452	498
452	522
452	530
452	535
452	537
452	555
452	557
453	554
454	460
454	462
454	503
454	518
454	559
455	460
455	471
455	505
456	549
456	703
457	465
457	497
457	498
457	535
457	542
457	543
458	503
458	510
458	522
458	535
458	549
458	583
458	596
459	470
459	503
460	495
460	501
460	503
461	499
461	501
462	517
463	489
463	528
463	538
464	485
464	489
464	559
465	498
465	502
465	503
465	516
465	535
465	537
465	538
465	542
466	656
468	524
468	696
468	701
468	809
469	481
469	535
469	537
469	549
469	701
470	482
470	488
470	512
470	535
470	618
470	651
472	549
474	542
475	538
476	491
476	592
476	634
476	696
478	642
478	729
478	778
480	505
480	535
480	547
480	561
480	567
480	573
480	581
480	604
481	491
481	503
481	505
481	508
481	522
481	525
481	535
481	542
481	544
481	545
481	548
481	549
481	561
481	567
481	583
481	587
481	590
481	591
481	596
481	619
481	635
483	535
483	539
483	634
483	659
483	665
483	701
483	703
483	709
484	501
484	507
484	508
485	505
485	530
485	537
486	537
486	539
486	542
486	547
486	561
486	567
486	571
486	581
486	612
487	714
487	782
487	870
489	530
489	535
489	537
489	573
493	561
494	761
495	502
495	559
498	538
498	568
498	579
499	527
499	556
499	729
499	735
499	745
502	529
502	559
503	505
503	507
503	510
503	512
503	517
503	522
503	528
503	535
503	543
503	567
503	581
503	583
503	596
504	506
504	549
504	634
505	535
505	547
505	558
507	510
508	513
508	514
510	522
510	583
510	596
512	535
512	558
512	696
512	785
512	818
514	549
514	582
514	587
514	616
514	630
515	664
517	535
517	574
520	591
521	616
521	723
522	525
522	567
522	583
522	623
523	567
524	549
524	665
524	768
525	528
525	535
525	561
525	567
525	591
527	544
527	616
527	645
527	680
528	537
528	542
528	595
530	535
530	542
530	585
531	556
531	819
531	821
531	841
532	785
533	539
533	549
534	537
534	624
535	537
535	538
535	544
535	545
535	547
535	549
535	561
535	565
535	567
535	569
535	571
535	574
535	575
535	576
535	578
535	591
535	592
535	600
535	605
535	608
535	618
535	629
535	638
535	649
536	735
536	761
536	780
536	822
536	838
536	863
536	879
537	547
537	557
537	561
537	567
537	570
537	571
537	574
537	592
537	618
537	623
537	631
538	539
539	544
539	634
539	644
540	625
542	549
542	618
543	549
544	545
544	546
544	548
544	549
544	550
544	587
544	610
544	612
544	618
544	619
544	625
544	628
544	638
544	645
544	652
544	659
544	671
544	682
545	546
545	549
545	556
545	583
545	587
545	596
545	616
545	625
546	549
546	587
546	595
546	610
546	612
546	616
546	626
546	638
546	644
546	646
546	652
546	654
546	659
547	561
547	571
547	601
547	608
547	610
547	646
547	649
548	595
548	610
549	550
549	551
549	556
549	561
549	565
549	578
549	583
549	586
549	600
549	616
549	621
549	624
549	634
549	653
549	659
549	664
549	680
549	681
549	689
549	690
549	696
549	701
549	704
549	708
549	725
549	737
550	555
550	595
550	609
550	637
550	652
551	605
551	616
551	634
551	638
551	659
551	665
551	669
551	734
551	735
551	752
551	775
551	776
551	793
551	801
552	661
553	572
553	601
554	561
554	645
555	557
556	563
556	607
556	616
556	650
556	654
556	695
556	709
556	735
557	559
558	567
561	567
561	571
561	573
561	574
561	575
561	580
561	585
561	587
561	588
561	592
561	599
561	615
561	618
561	621
561	628
563	634
563	658
563	664
563	677
563	686
563	696
563	701
563	734
563	735
563	737
563	744
563	750
563	771
566	634
566	691
566	696
566	698
566	762
566	770
567	571
567	574
567	578
567	580
567	587
567	603
567	618
569	574
569	585
569	769
569	841
570	572
570	616
570	654
570	689
570	767
572	601
572	609
572	633
572	634
572	665
572	680
573	641
574	581
574	592
574	618
578	634
581	585
583	587
583	596
586	677
586	750
587	596
587	605
587	608
587	616
587	650
587	652
587	659
587	660
587	671
587	680
587	707
591	614
591	644
592	636
592	651
594	610
596	652
596	675
598	665
598	738
600	690
600	701
601	626
601	649
602	616
605	608
605	619
605	626
605	627
605	677
605	690
605	749
605	769
606	621
607	713
608	626
608	629
608	639
609	616
609	659
609	680
610	626
612	737
612	761
613	645
613	757
613	855
614	655
616	645
616	661
616	677
616	680
616	691
616	701
616	704
616	708
616	709
616	726
616	734
616	735
616	749
616	750
616	770
617	674
621	624
622	665
623	633
623	635
625	654
625	674
626	639
626	681
628	660
628	664
629	662
632	635
634	645
634	658
634	665
634	667
634	676
634	680
634	689
634	697
634	701
634	704
634	705
634	706
634	709
634	713
634	717
634	722
634	724
634	734
634	735
634	737
634	754
634	761
634	768
634	776
634	779
634	785
634	786
636	646
636	659
636	678
636	686
636	696
636	747
637	664
638	644
638	659
640	888
642	768
642	770
643	691
643	728
644	654
644	667
644	677
645	654
645	665
645	689
645	696
645	706
645	708
645	722
645	735
645	748
645	762
645	763
645	799
647	788
648	668
648	704
650	665
650	673
651	659
651	672
651	693
651	716
651	762
651	833
653	670
653	696
653	722
656	678
656	709
656	733
657	708
658	659
658	678
658	689
658	711
658	735
658	777
658	790
658	817
658	840
658	844
658	852
658	855
659	672
659	682
659	690
659	709
659	734
659	743
659	745
663	671
664	735
664	757
664	812
665	667
665	677
665	701
665	703
665	709
665	730
665	735
665	753
665	761
665	783
666	682
667	669
667	677
667	680
667	716
667	719
667	735
667	744
667	749
667	801
667	818
668	722
668	727
669	719
669	737
669	761
669	770
670	692
670	734
672	696
672	701
672	728
672	775
672	794
676	680
676	690
676	696
676	721
677	705
677	717
677	735
677	752
679	838
683	689
685	737
686	687
686	689
686	696
686	708
686	742
686	750
686	828
686	850
687	883
688	735
689	708
689	756
689	761
689	762
689	768
689	772
689	806
689	816
689	817
689	821
689	831
689	844
689	852
689	855
690	691
690	704
690	734
690	755
690	769
690	811
691	706
691	735
691	749
691	751
691	783
691	789
691	794
691	803
691	816
692	742
692	768
692	824
692	831
692	838
692	852
693	742
694	737
696	709
696	713
696	719
696	735
696	737
696	749
696	757
696	762
696	768
696	776
696	783
696	801
696	804
696	815
696	816
696	817
696	818
696	828
696	831
696	836
696	845
696	851
698	699
698	778
700	722
701	707
701	713
701	737
702	708
704	709
705	737
706	708
706	726
706	735
706	761
706	762
706	780
706	803
706	821
706	838
706	841
706	844
706	851
706	855
706	859
706	876
707	718
708	723
708	735
708	749
708	762
708	768
708	772
708	791
708	801
708	803
708	806
709	720
709	723
709	724
710	818
711	712
714	770
714	782
715	735
715	819
716	723
716	772
716	775
717	735
717	768
718	723
721	855
723	744
724	790
724	825
724	835
728	760
728	780
728	790
729	733
731	749
732	739
734	786
735	737
735	748
735	749
735	752
735	761
735	762
735	763
735	768
735	772
735	775
735	776
735	779
735	785
735	788
735	800
735	802
735	803
735	815
735	821
735	836
735	842
736	855
736	877
737	749
737	752
737	770
737	801
737	803
737	826
739	762
739	802
739	806
739	845
741	749
741	761
741	772
741	776
741	830
741	834
742	884
746	815
746	826
748	759
749	761
749	762
749	776
749	790
749	800
749	801
749	803
749	805
749	806
749	815
749	824
750	790
750	797
752	761
752	762
752	776
752	828
754	802
756	757
756	806
756	836
756	839
756	840
756	855
758	780
760	783
760	794
761	762
761	764
761	767
761	768
761	772
761	773
761	776
761	780
761	784
761	799
761	800
761	801
761	806
761	815
761	818
761	821
761	822
761	826
761	831
761	832
761	838
761	840
761	842
761	844
761	845
761	852
761	854
761	855
761	873
762	768
762	802
762	814
763	783
764	777
764	802
764	827
764	838
764	858
764	866
764	872
765	806
766	818
766	843
767	768
767	821
768	770
768	780
768	795
768	802
768	806
768	821
768	828
768	836
768	839
770	806
770	812
770	837
771	829
772	780
772	839
773	814
773	824
774	806
775	776
775	815
775	877
776	801
776	828
777	838
778	837
779	780
779	815
779	818
780	787
780	806
780	816
780	821
780	840
780	842
780	852
780	855
781	806
783	790
783	804
783	806
783	808
784	837
784	844
784	855
784	857
784	863
784	872
784	874
785	855
785	863
785	873
787	802
788	828
793	818
794	802
796	797
798	852
798	863
799	828
799	855
800	802
800	806
800	839
801	828
802	803
802	817
802	819
802	822
802	825
802	832
802	838
802	864
803	815
803	820
804	858
805	806
805	830
806	813
806	818
806	839
807	808
815	817
817	827
817	858
818	819
818	847
818	855
819	846
819	858
821	861
821	862
821	863
822	839
822	842
823	844
823	887
825	839
825	852
828	839
828	846
828	848
828	850
831	839
831	842
831	855
838	841
838	842
838	852
838	853
838	854
838	857
838	859
838	860
840	846
840	849
840	852
840	854
840	855
840	857
840	858
840	864
840	881
842	852
842	853
844	868
844	878
846	880
849	886
850	869
851	852
851	856
851	871
852	853
852	855
852	865
852	871
855	857
855	858
855	863
855	865
855	873
855	875
855	881
855	882
858	868
858	872
860	871
861	881
863	869
863	873
883	884

